0	-1.69488
4	-1.50149
8	-1.3536
12	-1.35316
16	-1.30701
20	-1.25796
24	-1.20756
28	-1.17819
32	-1.13337
36	-1.09108
40	-1.05761
44	-1.02516
48	-0.992527
52	-0.968156
56	-0.935086
60	-0.909384
64	-0.894871
68	-0.862394
72	-0.838552
76	-0.827459
80	-0.801831
84	-0.777001
88	-0.759803
92	-0.74285
96	-0.726402
100	-0.71362
104	-0.693496
108	-0.684615
112	-0.668232
116	-0.654191
120	-0.641033
124	-0.62646
128	-0.615595
132	-0.604579
136	-0.590543
140	-0.583348
144	-0.566971
148	-0.560611
152	-0.553552
156	-0.537387
160	-0.528834
164	-0.520161
168	-0.517015
172	-0.50244
176	-0.495031
180	-0.48598
184	-0.474023
188	-0.467424
192	-0.459341
196	-0.450327
200	-0.44005
204	-0.431744
208	-0.424163
212	-0.421589
216	-0.416089
220	-0.405706
224	-0.396256
228	-0.391534
232	-0.379644
236	-0.371486
240	-0.366726
244	-0.356938
248	-0.349369
252	-0.349664
256	-0.336586
260	-0.326128
264	-0.321766
268	-0.315789
272	-0.306305
276	-0.306949
280	-0.301088
284	-0.293478
288	-0.287598
292	-0.278882
296	-0.277345
300	-0.269981
304	-0.261735
308	-0.25576
312	-0.248907
316	-0.244488
320	-0.234508
324	-0.235058
328	-0.229488
332	-0.221626
336	-0.216627
340	-0.215217
344	-0.208685
348	-0.204929
352	-0.200526
356	-0.19373
360	-0.192194
364	-0.187321
368	-0.185421
372	-0.179973
376	-0.174188
380	-0.169384
384	-0.160924
388	-0.163655
392	-0.161012
396	-0.15454
400	-0.150736
404	-0.149046
408	-0.146549
412	-0.141772
416	-0.137404
420	-0.132402
424	-0.129091
428	-0.128163
432	-0.123454
436	-0.117024
440	-0.118661
444	-0.114812
448	-0.109858
452	-0.109819
456	-0.106582
460	-0.10419
464	-0.100832
468	-0.101883
472	-0.09474
476	-0.0930299
480	-0.0879615
484	-0.0897593
488	-0.0831495
492	-0.0818759
496	-0.0830841
500	-0.0775387
504	-0.0784322
508	-0.0770059
512	-0.0746761
516	-0.0691154
520	-0.0698625
524	-0.0674687
528	-0.0655206
532	-0.0639753
536	-0.0656956
540	-0.063135
544	-0.0585309
548	-0.057158
552	-0.0515973
556	-0.0546038
560	-0.0528853
564	-0.0494385
568	-0.0501261
572	-0.0474841
576	-0.0495428
580	-0.0495081
584	-0.0499431
588	-0.0475971
592	-0.0453008
596	-0.0430381
600	-0.0448056
604	-0.0412234
608	-0.0415506
612	-0.0430104
616	-0.0373971
620	-0.037282
624	-0.0396889
628	-0.0401875
632	-0.041823
636	-0.0393298
640	-0.0382798
644	-0.0363132
648	-0.0369551
652	-0.0402318
656	-0.0369637
660	-0.0337263
664	-0.0346803
668	-0.0384416
672	-0.0365579
676	-0.0368385
680	-0.0340634
684	-0.0355055
688	-0.0322569
692	-0.0373819
696	-0.0385548
700	-0.036576
704	-0.0361367
708	-0.0346402
712	-0.0365649
716	-0.0400259
720	-0.0396515
724	-0.0385476
728	-0.0410123
732	-0.0399601
736	-0.044304
740	-0.0403869
744	-0.0384857
748	-0.0428628
752	-0.0422176
756	-0.0431925
760	-0.0448722
764	-0.0473253
768	-0.0490414
772	-0.0492715
776	-0.0500239
780	-0.0518689
784	-0.0513333
788	-0.052684
792	-0.055197
796	-0.0565907
800	-0.0613941
804	-0.0589297
808	-0.0580619
812	-0.0607321
816	-0.0630626
820	-0.0656431
824	-0.0660404
828	-0.0689873
832	-0.0722445
836	-0.071617
840	-0.0724024
844	-0.0734242
848	-0.0757505
852	-0.0756052
856	-0.0804983
860	-0.0830334
864	-0.0861441
868	-0.0827759
872	-0.0850531
876	-0.0916032
880	-0.0909066
884	-0.0938996
888	-0.0955133
892	-0.095535
896	-0.104372
900	-0.102592
904	-0.107547
908	-0.107033
912	-0.10759
916	-0.115638
920	-0.120371
924	-0.121666
928	-0.120831
932	-0.126305
936	-0.12933
940	-0.135398
944	-0.131469
948	-0.133402
952	-0.141732
956	-0.144816
960	-0.145111
964	-0.148079
968	-0.151814
972	-0.155254
976	-0.160337
980	-0.161516
984	-0.161655
988	-0.167498
992	-0.173871
996	-0.178569
1000	-0.180821
1004	-0.183557
1008	-0.189581
1012	-0.192806
1016	-0.19536
1020	-0.19811
1024	-0.200009
1028	-0.205747
1032	-0.208828
1036	-0.213524
1040	-0.2188
1044	-0.222073
1048	-0.223878
1052	-0.232314
1056	-0.23351
1060	-0.243238
1064	-0.242734
1068	-0.245624
1072	-0.249849
1076	-0.254672
1080	-0.261475
1084	-0.267343
1088	-0.271786
1092	-0.270812
1096	-0.279863
1100	-0.285435
1104	-0.289512
1108	-0.294876
1112	-0.29653
1116	-0.299595
1120	-0.306345
1124	-0.313558
1128	-0.316621
1132	-0.321143
1136	-0.330211
1140	-0.334952
1144	-0.338678
1148	-0.349147
1152	-0.351044
1156	-0.356582
1160	-0.361357
1164	-0.366589
1168	-0.375758
1172	-0.379887
1176	-0.384553
1180	-0.393047
1184	-0.399241
1188	-0.40425
1192	-0.409288
1196	-0.413565
1200	-0.424878
1204	-0.42972
1208	-0.430896
1212	-0.442536
1216	-0.446786
1220	-0.451615
1224	-0.454764
1228	-0.463007
1232	-0.468662
1236	-0.477676
1240	-0.487653
1244	-0.489866
1248	-0.501346
1252	-0.506
1256	-0.516535
1260	-0.520725
1264	-0.528018
1268	-0.530241
1272	-0.543522
1276	-0.55408
1280	-0.556344
1284	-0.562715
1288	-0.569093
1292	-0.57764
1296	-0.589961
1300	-0.59802
1304	-0.606299
1308	-0.613672
1312	-0.617443
1316	-0.625452
1320	-0.629969
1324	-0.640642
1328	-0.64749
1332	-0.660903
1336	-0.675298
1340	-0.680354
1344	-0.684301
1348	-0.695725
1352	-0.699799
1356	-0.712371
1360	-0.720686
1364	-0.732732
1368	-0.742976
1372	-0.750007
1376	-0.749451
1380	-0.762878
1384	-0.772989
1388	-0.786669
1392	-0.794882
1396	-0.814442
1400	-0.818038
1404	-0.816237
1408	-0.830169
1412	-0.834877
1416	-0.854955
1420	-0.865676
1424	-0.879218
1428	-0.882258
1432	-0.898552
1436	-0.899699
1440	-0.917223
1444	-0.93194
1448	-0.93818
1452	-0.950541
1456	-0.956528
1460	-0.968551
1464	-0.979258
1468	-0.992609
1472	-1.01102
1476	-1.02009
1480	-1.04082
1484	-1.04395
1488	-1.05794
1492	-1.07335
1496	-1.08927
1500	-1.09311
1504	-1.11922
1508	-1.12111
1512	-1.14383
1516	-1.14962
1520	-1.16888
1524	-1.17544
1528	-1.18189
1532	-1.20127
1536	-1.21157
1540	-1.22135
1544	-1.23993
1548	-1.25709
1552	-1.28413
1556	-1.28973
1560	-1.31025
1564	-1.32063
1568	-1.33193
1572	-1.33439
1576	-1.35079
1580	-1.3738
1584	-1.39586
1588	-1.40953
1592	-1.42007
1596	-1.44875
1600	-1.45474
1604	-1.46703
1608	-1.48692
1612	-1.50852
1616	-1.52217
1620	-1.55069
1624	-1.5591
1628	-1.57659
1632	-1.59791
1636	-1.62032
1640	-1.66794
1644	-1.65432
1648	-1.6764
1652	-1.68709
1656	-1.70505
1660	-1.7224
1664	-1.74753
1668	-1.76892
1672	-1.78271
1676	-1.79693
1680	-1.82691
1684	-1.85503
1688	-1.86616
1692	-1.88711
1696	-1.90855
1700	-1.96079
1704	-1.96371
1708	-1.98084
1712	-2.04735
1716	-2.04474
1720	-2.04165
1724	-2.09188
1728	-2.1018
1732	-2.13356
1736	-2.15105
1740	-2.18457
1744	-2.21876
1748	-2.22246
1752	-2.27057
1756	-2.3091
1760	-2.33799
1764	-2.3669
1768	-2.37173
1772	-2.40362
1776	-2.409
1780	-2.44717
1784	-2.49223
1788	-2.56118
1792	-2.59029
1796	-2.60121
1800	-2.58633
1804	-2.6984
1808	-2.66908
1812	-2.65346
1816	-2.73366
1820	-2.83692
1824	-2.8813
1828	-2.90386
1832	-2.90153
1836	-2.91005
1840	-2.9579
1844	-3.13337
1848	-3.11162
1852	-3.02829
1856	-3.0793
1860	-3.18472
1864	-3.234
1868	-3.39655
1872	-3.4405
1876	-3.29786
1880	-3.3608
1884	-3.58308
1888	-3.49832
1892	-3.65498
1896	-3.64625
1900	-3.75142
1904	-3.84943
1908	-3.9257
1912	-3.90544
1916	-4.22965
1920	-4.03373
1924	-4.13693
1928	-4.35949
1932	-4.67497
1936	-5.42828
1940	-10
1944	-4.80379
1948	-4.45286
1952	-4.62763
1956	-4.85688
1960	-5.25976
1964	-10
1968	-10
1972	-10
1976	-10
1980	-10
1984	-10
1988	-10
1992	-10
1996	-10
2000	-10
2004	-10
2008	-10
2012	-10
2016	-10
2020	-10
2024	-10
2028	-10
2032	-10
2036	-10
2040	-10
2044	-10
2048	-10
2052	-10
2056	-10
2060	-10
2064	-10
2068	-10
2072	-10
2076	-10
2080	-10
2084	-10
2088	-10
2092	-10
2096	-10
2100	-10
2104	-10
2108	-10
2112	-10
2116	-10
2120	-10
2124	-10
2128	-10
2132	-10
2136	-10
2140	-10
2144	-10
2148	-10
2152	-10
2156	-10
2160	-10
2164	-10
2168	-10
2172	-10
2176	-10
2180	-10
2184	-10
2188	-10
2192	-10
2196	-10
2200	-10
2204	-10
2208	-10
2212	-10
2216	-10
2220	-10
2224	-10
2228	-10
2232	-10
2236	-10
2240	-10
2244	-10
2248	-10
2252	-10
2256	-10
2260	-10
2264	-10
2268	-10
2272	-10
2276	-10
2280	-10
2284	-10
2288	-10
2292	-10
2296	-10
2300	-10
2304	-10
2308	-10
2312	-10
2316	-10
2320	-10
2324	-10
2328	-10
2332	-10
2336	-10
2340	-10
2344	-10
2348	-10
2352	-10
2356	-10
2360	-10
2364	-10
2368	-10
2372	-10
2376	-10
2380	-10
2384	-10
2388	-10
2392	-10
2396	-10
2400	-10
2404	-10
2408	-10
2412	-10
2416	-10
2420	-10
2424	-10
2428	-10
2432	-10
2436	-10
2440	-10
2444	-10
2448	-10
2452	-10
2456	-10
2460	-10
2464	-10
2468	-10
2472	-10
2476	-10
2480	-10
2484	-10
2488	-10
2492	-10
2496	-10
2500	-10
2504	-10
2508	-10
2512	-10
2516	-10
2520	-10
2524	-10
2528	-10
2532	-10
2536	-10
2540	-10
2544	-10
2548	-10
2552	-10
2556	-10
2560	-10
2564	-10
2568	-10
2572	-10
2576	-10
2580	-10
2584	-10
2588	-10
2592	-10
2596	-10
2600	-10
2604	-10
2608	-10
2612	-10
2616	-10
2620	-10
2624	-10
2628	-10
2632	-10
2636	-10
2640	-10
2644	-10
2648	-10
2652	-10
2656	-10
2660	-10
2664	-10
2668	-10
2672	-10
2676	-10
2680	-10
2684	-10
2688	-10
2692	-10
2696	-10
2700	-10
2704	-10
2708	-10
2712	-10
2716	-10
2720	-10
2724	-10
2728	-10
2732	-10
2736	-10
2740	-10
2744	-10
2748	-10
2752	-10
2756	-10
2760	-10
2764	-10
2768	-10
2772	-10
2776	-10
2780	-10
2784	-10
2788	-10
2792	-10
2796	-10
2800	-10
2804	-10
2808	-10
2812	-10
2816	-10
2820	-10
2824	-10
2828	-10
2832	-10
2836	-10
2840	-10
2844	-10
2848	-10
2852	-10
2856	-10
2860	-10
2864	-10
2868	-10
2872	-10
2876	-10
2880	-10
2884	-10
2888	-10
2892	-10
2896	-10
2900	-10
2904	-10
2908	-10
2912	-10
2916	-10
2920	-10
2924	-10
2928	-10
2932	-10
2936	-10
2940	-10
2944	-10
2948	-10
2952	-10
2956	-10
2960	-10
2964	-10
2968	-10
2972	-10
2976	-10
2980	-10
2984	-10
2988	-10
2992	-10
2996	-10
3000	-10
3004	-10
3008	-10
3012	-10
3016	-10
3020	-10
3024	-10
3028	-10
3032	-10
3036	-10
3040	-10
3044	-10
3048	-10
3052	-10
3056	-10
3060	-10
3064	-10
3068	-10
3072	-10
3076	-10
3080	-10
3084	-10
3088	-10
3092	-10
3096	-10
3100	-10
3104	-10
3108	-10
3112	-10
3116	-10
3120	-10
3124	-10
3128	-10
3132	-10
3136	-10
3140	-10
3144	-10
3148	-10
3152	-10
3156	-10
3160	-10
3164	-10
3168	-10
3172	-10
3176	-10
3180	-10
3184	-10
3188	-10
3192	-10
3196	-10
3200	-10
3204	-10
3208	-10
3212	-10
3216	-10
3220	-10
3224	-10
3228	-10
3232	-10
3236	-10
3240	-10
3244	-10
3248	-10
3252	-10
3256	-10
3260	-10
3264	-10
3268	-10
3272	-10
3276	-10
3280	-10
3284	-10
3288	-10
3292	-10
3296	-10
3300	-10
3304	-10
3308	-10
3312	-10
3316	-10
3320	-10
3324	-10
3328	-10
3332	-10
3336	-10
3340	-10
3344	-10
3348	-10
3352	-10
3356	-10
3360	-10
3364	-10
3368	-10
3372	-10
3376	-10
3380	-10
3384	-10
3388	-10
3392	-10
3396	-10
3400	-10
3404	-10
3408	-10
3412	-10
3416	-10
3420	-10
3424	-10
3428	-10
3432	-10
3436	-10
3440	-10
3444	-10
3448	-10
3452	-10
3456	-10
3460	-10
3464	-10
3468	-10
3472	-10
3476	-10
3480	-10
3484	-10
3488	-10
3492	-10
3496	-10
3500	-10
3504	-10
3508	-10
3512	-10
3516	-10
3520	-10
3524	-10
3528	-10
3532	-10
3536	-10
3540	-10
3544	-10
3548	-10
3552	-10
3556	-10
3560	-10
3564	-10
3568	-10
3572	-10
3576	-10
3580	-10
3584	-10
3588	-10
3592	-10
3596	-10
3600	-10
3604	-10
3608	-10
3612	-10
3616	-10
3620	-10
3624	-10
3628	-10
3632	-10
3636	-10
3640	-10
3644	-10
3648	-10
3652	-10
3656	-10
3660	-10
3664	-10
3668	-10
3672	-10
3676	-10
3680	-10
3684	-10
3688	-10
3692	-10
3696	-10
3700	-10
3704	-10
3708	-10
3712	-10
3716	-10
3720	-10
3724	-10
3728	-10
3732	-10
3736	-10
3740	-10
3744	-10
3748	-10
3752	-10
3756	-10
3760	-10
3764	-10
3768	-10
3772	-10
3776	-10
3780	-10
3784	-10
3788	-10
3792	-10
3796	-10
3800	-10
3804	-10
3808	-10
3812	-10
3816	-10
3820	-10
3824	-10
3828	-10
3832	-10
3836	-10
3840	-10
3844	-10
3848	-10
3852	-10
3856	-10
3860	-10
3864	-10
3868	-10
3872	-10
3876	-10
3880	-10
3884	-10
3888	-10
3892	-10
3896	-10
3900	-10
3904	-10
3908	-10
3912	-10
3916	-10
3920	-10
3924	-10
3928	-10
3932	-10
3936	-10
3940	-10
3944	-10
3948	-10
3952	-10
3956	-10
3960	-10
3964	-10
3968	-10
3972	-10
3976	-10
3980	-10
3984	-10
3988	-10
3992	-10
3996	-10
4000	-10
4004	-10
4008	-10
4012	-10
4016	-10
4020	-10
4024	-10
4028	-10
4032	-10
4036	-10
4040	-10
4044	-10
4048	-10
4052	-10
4056	-10
4060	-10
4064	-10
4068	-10
4072	-10
4076	-10
4080	-10
4084	-10
4088	-10
4092	-10
4096	-10
4100	-10
4104	-10
4108	-10
4112	-10
4116	-10
4120	-10
4124	-10
4128	-10
4132	-10
4136	-10
4140	-10
4144	-10
4148	-10
4152	-10
4156	-10
4160	-10
4164	-10
4168	-10
4172	-10
4176	-10
4180	-10
4184	-10
4188	-10
4192	-10
4196	-10
4200	-10
4204	-10
4208	-10
4212	-10
4216	-10
4220	-10
4224	-10
4228	-10
4232	-10
4236	-10
4240	-10
4244	-10
4248	-10
4252	-10
4256	-10
4260	-10
4264	-10
4268	-10
4272	-10
4276	-10
4280	-10
4284	-10
4288	-10
4292	-10
4296	-10
4300	-10
4304	-10
4308	-10
4312	-10
4316	-10
4320	-10
4324	-10
4328	-10
4332	-10
4336	-10
4340	-10
4344	-10
4348	-10
4352	-10
4356	-10
4360	-10
4364	-10
4368	-10
4372	-10
4376	-10
4380	-10
4384	-10
4388	-10
4392	-10
4396	-10
4400	-10
4404	-10
4408	-10
4412	-10
4416	-10
4420	-10
4424	-10
4428	-10
4432	-10
4436	-10
4440	-10
4444	-10
4448	-10
4452	-10
4456	-10
4460	-10
4464	-10
4468	-10
4472	-10
4476	-10
4480	-10
4484	-10
4488	-10
4492	-10
4496	-10
4500	-10
4504	-10
4508	-10
4512	-10
4516	-10
4520	-10
4524	-10
4528	-10
4532	-10
4536	-10
4540	-10
4544	-10
4548	-10
4552	-10
4556	-10
4560	-10
4564	-10
4568	-10
4572	-10
4576	-10
4580	-10
4584	-10
4588	-10
4592	-10
4596	-10
4600	-10
4604	-10
4608	-10
4612	-10
4616	-10
4620	-10
4624	-10
4628	-10
4632	-10
4636	-10
4640	-10
4644	-10
4648	-10
4652	-10
4656	-10
4660	-10
4664	-10
4668	-10
4672	-10
4676	-10
4680	-10
4684	-10
4688	-10
4692	-10
4696	-10
4700	-10
4704	-10
4708	-10
4712	-10
4716	-10
4720	-10
4724	-10
4728	-10
4732	-10
4736	-10
4740	-10
4744	-10
4748	-10
4752	-10
4756	-10
4760	-10
4764	-10
4768	-10
4772	-10
4776	-10
4780	-10
4784	-10
4788	-10
4792	-10
4796	-10
4800	-10
4804	-10
4808	-10
4812	-10
4816	-10
4820	-10
4824	-10
4828	-10
4832	-10
4836	-10
4840	-10
4844	-10
4848	-10
4852	-10
4856	-10
4860	-10
4864	-10
4868	-10
4872	-10
4876	-10
4880	-10
4884	-10
4888	-10
4892	-10
4896	-10
4900	-10
4904	-10
4908	-10
4912	-10
4916	-10
4920	-10
4924	-10
4928	-10
4932	-10
4936	-10
4940	-10
4944	-10
4948	-10
4952	-10
4956	-10
4960	-10
4964	-10
4968	-10
4972	-10
4976	-10
4980	-10
4984	-10
4988	-10
4992	-10
4996	-10
5000	-10
5004	-10
5008	-10
5012	-10
5016	-10
5020	-10
5024	-10
5028	-10
5032	-10
5036	-10
5040	-10
5044	-10
5048	-10
5052	-10
5056	-10
5060	-10
5064	-10
5068	-10
5072	-10
5076	-10
5080	-10
5084	-10
5088	-10
5092	-10
5096	-10
5100	-10
5104	-10
5108	-10
5112	-10
5116	-10
5120	-10
5124	-10
5128	-10
5132	-10
5136	-10
5140	-10
5144	-10
5148	-10
5152	-10
5156	-10
5160	-10
5164	-10
5168	-10
5172	-10
5176	-10
5180	-10
5184	-10
5188	-10
5192	-10
5196	-10
5200	-10
5204	-10
5208	-10
5212	-10
5216	-10
5220	-10
5224	-10
5228	-10
5232	-10
5236	-10
5240	-10
5244	-10
5248	-10
5252	-10
5256	-10
5260	-10
5264	-10
5268	-10
5272	-10
5276	-10
5280	-10
5284	-10
5288	-10
5292	-10
5296	-10
5300	-10
5304	-10
5308	-10
5312	-10
5316	-10
5320	-10
5324	-10
5328	-10
5332	-10
5336	-10
5340	-10
5344	-10
5348	-10
5352	-10
5356	-10
5360	-10
5364	-10
5368	-10
5372	-10
5376	-10
5380	-10
5384	-10
5388	-10
5392	-10
5396	-10
5400	-10
5404	-10
5408	-10
5412	-10
5416	-10
5420	-10
5424	-10
5428	-10
5432	-10
5436	-10
5440	-10
5444	-10
5448	-10
5452	-10
5456	-10
5460	-10
5464	-10
5468	-10
5472	-10
5476	-10
5480	-10
5484	-10
5488	-10
5492	-10
5496	-10
5500	-10
5504	-10
5508	-10
5512	-10
5516	-10
5520	-10
5524	-10
5528	-10
5532	-10
5536	-10
5540	-10
5544	-10
5548	-10
5552	-10
5556	-10
5560	-10
5564	-10
5568	-10
5572	-10
5576	-10
5580	-10
5584	-10
5588	-10
5592	-10
5596	-10
5600	-10
5604	-10
5608	-10
5612	-10
5616	-10
5620	-10
5624	-10
5628	-10
5632	-10
5636	-10
5640	-10
5644	-10
5648	-10
5652	-10
5656	-10
5660	-10
5664	-10
5668	-10
5672	-10
5676	-10
5680	-10
5684	-10
5688	-10
5692	-10
5696	-10
5700	-10
5704	-10
5708	-10
5712	-10
5716	-10
5720	-10
5724	-10
5728	-10
5732	-10
5736	-10
5740	-10
5744	-10
5748	-10
5752	-10
5756	-10
5760	-10
5764	-10
5768	-10
5772	-10
5776	-10
5780	-10
5784	-10
5788	-10
5792	-10
5796	-10
5800	-10
5804	-10
5808	-10
5812	-10
5816	-10
5820	-10
5824	-10
5828	-10
5832	-10
5836	-10
5840	-10
5844	-10
5848	-10
5852	-10
5856	-10
5860	-10
5864	-10
5868	-10
5872	-10
5876	-10
5880	-10
5884	-10
5888	-10
5892	-10
5896	-10
5900	-10
5904	-10
5908	-10
5912	-10
5916	-10
5920	-10
5924	-10
5928	-10
5932	-10
5936	-10
5940	-10
5944	-10
5948	-10
5952	-10
5956	-10
5960	-10
5964	-10
5968	-10
5972	-10
5976	-10
5980	-10
5984	-10
5988	-10
5992	-10
5996	-10
6000	-10
6004	-10
6008	-10
6012	-10
6016	-10
6020	-10
6024	-10
6028	-10
6032	-10
6036	-10
6040	-10
6044	-10
6048	-10
6052	-10
6056	-10
6060	-10
6064	-10
6068	-10
6072	-10
6076	-10
6080	-10
6084	-10
6088	-10
6092	-10
6096	-10
6100	-10
6104	-10
6108	-10
6112	-10
6116	-10
6120	-10
6124	-10
6128	-10
6132	-10
6136	-10
6140	-10
6144	-10
6148	-10
6152	-10
6156	-10
6160	-10
6164	-10
6168	-10
6172	-10
6176	-10
6180	-10
6184	-10
6188	-10
6192	-10
6196	-10
6200	-10
6204	-10
6208	-10
6212	-10
6216	-10
6220	-10
6224	-10
6228	-10
6232	-10
6236	-10
6240	-10
6244	-10
6248	-10
6252	-10
6256	-10
6260	-10
6264	-10
6268	-10
6272	-10
6276	-10
6280	-10
6284	-10
6288	-10
6292	-10
6296	-10
6300	-10
6304	-10
6308	-10
6312	-10
6316	-10
6320	-10
6324	-10
6328	-10
6332	-10
6336	-10
6340	-10
6344	-10
6348	-10
6352	-10
6356	-10
6360	-10
6364	-10
6368	-10
6372	-10
6376	-10
6380	-10
6384	-10
6388	-10
6392	-10
6396	-10
6400	-10
6404	-10
6408	-10
6412	-10
6416	-10
6420	-10
6424	-10
6428	-10
6432	-10
6436	-10
6440	-10
6444	-10
6448	-10
6452	-10
6456	-10
6460	-10
6464	-10
6468	-10
6472	-10
6476	-10
6480	-10
6484	-10
6488	-10
6492	-10
6496	-10
6500	-10
6504	-10
6508	-10
6512	-10
6516	-10
6520	-10
6524	-10
6528	-10
6532	-10
6536	-10
6540	-10
6544	-10
6548	-10
6552	-10
6556	-10
6560	-10
6564	-10
6568	-10
6572	-10
6576	-10
6580	-10
6584	-10
6588	-10
6592	-10
6596	-10
6600	-10
6604	-10
6608	-10
6612	-10
6616	-10
6620	-10
6624	-10
6628	-10
6632	-10
6636	-10
6640	-10
6644	-10
6648	-10
6652	-10
6656	-10
6660	-10
6664	-10
6668	-10
6672	-10
6676	-10
6680	-10
6684	-10
6688	-10
6692	-10
6696	-10
6700	-10
6704	-10
6708	-10
6712	-10
6716	-10
6720	-10
6724	-10
6728	-10
6732	-10
6736	-10
6740	-10
6744	-10
6748	-10
6752	-10
6756	-10
6760	-10
6764	-10
6768	-10
6772	-10
6776	-10
6780	-10
6784	-10
6788	-10
6792	-10
6796	-10
6800	-10
6804	-10
6808	-10
6812	-10
6816	-10
6820	-10
6824	-10
6828	-10
6832	-10
6836	-10
6840	-10
6844	-10
6848	-10
6852	-10
6856	-10
6860	-10
6864	-10
6868	-10
6872	-10
6876	-10
6880	-10
6884	-10
6888	-10
6892	-10
6896	-10
6900	-10
6904	-10
6908	-10
6912	-10
6916	-10
6920	-10
6924	-10
6928	-10
6932	-10
6936	-10
6940	-10
6944	-10
6948	-10
6952	-10
6956	-10
6960	-10
6964	-10
6968	-10
6972	-10
6976	-10
6980	-10
6984	-10
6988	-10
6992	-10
6996	-10
7000	-10
7004	-10
7008	-10
7012	-10
7016	-10
7020	-10
7024	-10
7028	-10
7032	-10
7036	-10
7040	-10
7044	-10
7048	-10
7052	-10
7056	-10
7060	-10
7064	-10
7068	-10
7072	-10
7076	-10
7080	-10
7084	-10
7088	-10
7092	-10
7096	-10
7100	-10
7104	-10
7108	-10
7112	-10
7116	-10
7120	-10
7124	-10
7128	-10
7132	-10
7136	-10
7140	-10
7144	-10
7148	-10
7152	-10
7156	-10
7160	-10
7164	-10
7168	-10
7172	-10
7176	-10
7180	-10
7184	-10
7188	-10
7192	-10
7196	-10
7200	-10
7204	-10
7208	-10
7212	-10
7216	-10
7220	-10
7224	-10
7228	-10
7232	-10
7236	-10
7240	-10
7244	-10
7248	-10
7252	-10
7256	-10
7260	-10
7264	-10
7268	-10
7272	-10
7276	-10
7280	-10
7284	-10
7288	-10
7292	-10
7296	-10
7300	-10
7304	-10
7308	-10
7312	-10
7316	-10
7320	-10
7324	-10
7328	-10
7332	-10
7336	-10
7340	-10
7344	-10
7348	-10
7352	-10
7356	-10
7360	-10
7364	-10
7368	-10
7372	-10
7376	-10
7380	-10
7384	-10
7388	-10
7392	-10
7396	-10
7400	-10
7404	-10
7408	-10
7412	-10
7416	-10
7420	-10
7424	-10
7428	-10
7432	-10
7436	-10
7440	-10
7444	-10
7448	-10
7452	-10
7456	-10
7460	-10
7464	-10
7468	-10
7472	-10
7476	-10
7480	-10
7484	-10
7488	-10
7492	-10
7496	-10
