0	-10
4	-10
8	-10
12	-10
16	-10
20	-2.6782
24	-2.68489
28	-2.68654
32	-2.6937
36	-2.69285
40	-2.69549
44	-2.70504
48	-2.70432
52	-2.69836
56	-2.66788
60	-2.68912
64	-2.66168
68	-2.61555
72	-2.57893
76	-2.5429
80	-2.50909
84	-2.47173
88	-2.30618
92	-2.23494
96	-2.35068
100	-2.40367
104	-2.32401
108	-2.36761
112	-2.37573
116	-2.35628
120	-2.34609
124	-2.34273
128	-2.10899
132	-2.35568
136	-2.35883
140	-2.35361
144	-2.32036
148	-2.33764
152	-2.25261
156	-2.3599
160	-2.36663
164	-2.381
168	-2.38289
172	-2.37731
176	-2.40553
180	-2.41223
184	-2.36451
188	-2.42896
192	-2.45061
196	-2.40511
200	-2.43956
204	-2.42966
208	-1.9297
212	-2.48424
216	-2.50402
220	-2.51528
224	-2.52888
228	-2.55004
232	-2.55625
236	-2.58271
240	-2.6011
244	-2.62072
248	-2.62742
252	-2.64464
256	-2.65184
260	-2.66469
264	-2.68116
268	-2.18789
272	-2.71085
276	-2.6109
280	-2.70876
284	-2.73973
288	-2.74532
292	-2.75323
296	-2.75526
300	-2.77202
304	-2.78759
308	-2.79793
312	-2.80668
316	-2.82906
320	-2.66278
324	-2.78199
328	-2.32356
332	-2.74628
336	-1.70615
340	-2.84546
344	-2.96344
348	-2.96445
352	-2.96901
356	-2.9616
360	-2.97695
364	-2.97633
368	-3.00026
372	-2.98948
376	-2.99228
380	-3.00254
384	-3.01782
388	-3.01029
392	-3.01863
396	-3.01168
400	-3.03352
404	-3.03759
408	-2.63961
412	-3.04343
416	-3.03832
420	-3.05841
424	-3.04674
428	-3.04876
432	-3.03326
436	-3.06462
440	-3.02206
444	-3.06682
448	-3.04932
452	-3.05179
456	-3.07566
460	-2.42034
464	-3.07926
468	-3.07665
472	-3.07643
476	-2.93388
480	-3.09662
484	-3.09569
488	-3.09483
492	-3.09573
496	-3.07854
500	-2.94285
504	-3.10345
508	-2.93097
512	-3.09037
516	-3.10776
520	-3.06499
524	-3.10264
528	-3.10122
532	-3.09444
536	-3.10184
540	-3.09168
544	-2.96559
548	-3.08673
552	-3.07885
556	-3.11042
560	-2.87392
564	-3.10122
568	-3.07609
572	-3.05128
576	-3.09755
580	-3.03627
584	-3.09832
588	-3.07642
592	-3.09033
596	-3.10258
600	-3.11132
604	-3.10583
608	-3.10551
612	-3.09622
616	-3.07507
620	-3.06686
624	-3.09288
628	-3.08306
632	-3.09341
636	-3.09683
640	-3.07451
644	-3.09037
648	-3.02804
652	-3.08645
656	-3.09258
660	-3.07788
664	-3.08191
668	-3.06965
672	-3.02812
676	-3.05484
680	-3.07755
684	-3.06173
688	-2.97969
692	-3.05593
696	-3.05324
700	-3.00371
704	-3.01491
708	-3.06105
712	-3.10069
716	-3.11762
720	-3.13941
724	-3.00617
728	-3.1394
732	-3.14778
736	-3.14586
740	-3.14276
744	-3.13655
748	-3.13824
752	-2.92614
756	-3.13551
760	-3.16527
764	-3.19302
768	-3.22943
772	-2.85332
776	-3.25316
780	-3.05404
784	-3.29497
788	-3.29344
792	-2.58178
796	-3.32458
800	-3.33233
804	-3.35502
808	-3.35494
812	-3.37103
816	-3.2685
820	-3.39421
824	-3.33471
828	-3.21426
832	-2.89014
836	-3.45709
840	-3.1332
844	-3.45474
848	-3.46367
852	-3.49137
856	-3.49502
860	-3.49538
864	-3.5115
868	-3.54274
872	-3.35799
876	-3.55985
880	-3.59072
884	-3.55397
888	-3.59888
892	-3.60519
896	-3.60904
900	-3.56317
904	-3.22542
908	-1.74938
912	-3.73561
916	-3.67513
920	-3.61403
924	-3.70829
928	-3.74134
932	-3.72539
936	-3.70588
940	-3.73936
944	-3.5951
948	-3.76628
952	-3.77073
956	-3.44079
960	-3.8288
964	-2.51434
968	-1.98252
972	-3.85838
976	-3.78547
980	-3.71817
984	-3.78684
988	-3.74909
992	-3.90479
996	-3.92406
1000	-3.90106
1004	-3.88876
1008	-3.88606
1012	-3.92016
1016	-3.8302
1020	-3.94955
1024	-3.93892
1028	-3.94286
1032	-3.65961
1036	-3.81981
1040	-3.89481
1044	-3.95159
1048	-3.9719
1052	-3.8913
1056	-3.93842
1060	-3.95482
1064	-3.36299
1068	-3.94765
1072	-3.98624
1076	-3.94933
1080	-4.02826
1084	-4.01012
1088	-3.97588
1092	-3.21935
1096	-4.0174
1100	-4.01464
1104	-4.00327
1108	-3.37202
1112	-4.04352
1116	-3.78768
1120	-3.6564
1124	-4.02572
1128	-4.04822
1132	-3.99681
1136	-4.03334
1140	-4.03887
1144	-4.05448
1148	-4.01617
1152	-3.23091
1156	-3.96906
1160	-4.05031
1164	-3.91747
1168	-3.84523
1172	-3.95095
1176	-4.02135
1180	-4.02319
1184	-4.0283
1188	-3.99794
1192	-4.05788
1196	-4.03495
1200	-3.9808
1204	-4.05979
1208	-3.98558
1212	-4.04215
1216	-4.00524
1220	-4.02253
1224	-4.01156
1228	-3.99065
1232	-4.02468
1236	-3.98536
1240	-4.05539
1244	-3.45742
1248	-3.93037
1252	-4.00351
1256	-4.03543
1260	-4.04109
1264	-3.98199
1268	-4.03863
1272	-3.99923
1276	-3.99558
1280	-4.02272
1284	-3.82392
1288	-4.06314
1292	-4.00118
1296	-4.08802
1300	-4.03025
1304	-4.00728
1308	-3.99423
1312	-3.98802
1316	-4.00544
1320	-4.03997
1324	-4.02186
1328	-4.02119
1332	-3.98775
1336	-3.98408
1340	-4.02154
1344	-3.94634
1348	-4.00108
1352	-4.01315
1356	-3.98297
1360	-4.0143
1364	-3.97027
1368	-4.0321
1372	-3.62129
1376	-4.10595
1380	-4.10756
1384	-4.08812
1388	-4.11337
1392	-4.05477
1396	-4.10634
1400	-4.11074
1404	-4.17588
1408	-4.14555
1412	-4.16494
1416	-4.17927
1420	-4.21311
1424	-4.20781
1428	-3.86916
1432	-4.23354
1436	-4.25748
1440	-4.25566
1444	-4.25791
1448	-4.22968
1452	-4.2692
1456	-3.33721
1460	-4.30637
1464	-4.30735
1468	-4.32197
1472	-4.13292
1476	-4.39182
1480	-4.43798
1484	-4.4474
1488	-4.41488
1492	-3.30302
1496	-4.56317
1500	-3.50625
1504	-4.62794
1508	-4.53272
1512	-4.68072
1516	-4.56885
1520	-4.64821
1524	-4.58912
1528	-4.45733
1532	-4.63477
1536	-4.37138
1540	-4.75077
1544	-4.73812
1548	-4.38627
1552	-4.75967
1556	-3.9303
1560	-4.84169
1564	-4.78362
1568	-4.73514
1572	-4.57059
1576	-4.81668
1580	-3.47033
1584	-4.59264
1588	-2.76789
1592	-5.05429
1596	-5.00965
1600	-4.93295
1604	-5.24064
1608	-5.02387
1612	-5.36004
1616	-5.11293
1620	-5.11107
1624	-3.82808
1628	-2.99045
1632	-5.31974
1636	-3.58969
1640	-5.21473
1644	-5.19803
1648	-5.45291
1652	-5.39825
1656	-5.54064
1660	-5.30023
1664	-3.93451
1668	-5.55006
1672	-5.63689
1676	-4.47612
1680	-5.32203
1684	-4.19352
1688	-5.40609
1692	-5.50969
1696	-5.56359
1700	-4.40188
1704	-4.9513
1708	-5.33913
1712	-5.56088
1716	-5.4601
1720	-5.46993
1724	-4.5517
1728	-5.33709
1732	-5.77293
1736	-4.96134
1740	-4.89999
1744	-5.62057
1748	-5.37319
1752	-5.67682
1756	-4.81617
1760	-5.77744
1764	-5.9579
1768	-5.76504
1772	-5.5553
1776	-5.99131
1780	-5.81392
1784	-5.70913
1788	-5.67102
1792	-5.63498
1796	-5.72136
1800	-5.43467
1804	-5.6622
1808	-6.16912
1812	-5.74346
1816	-5.86269
1820	-4.64631
1824	-5.56911
1828	-6.11804
1832	-4.92676
1836	-6.02095
1840	-4.82574
1844	-6.64123
1848	-5.43984
1852	-6.3935
1856	-10
1860	-5.97886
1864	-6.16036
1868	-4.8688
1872	-10
1876	-6.08877
1880	-6.39165
1884	-4.4328
1888	-6.73033
1892	-6.65803
1896	-6.099
1900	-10
1904	-5.42768
1908	-10
1912	-6.50581
1916	-6.63748
1920	-10
1924	-6.63748
1928	-5.08232
1932	-6.3402
1936	-5.8048
1940	-10
1944	-6.36418
1948	-6.81221
1952	-4.48418
1956	-5.97341
1960	-10
1964	-5.08961
1968	-5.72193
1972	-10
1976	-6.04806
1980	-10
1984	-10
1988	-10
1992	-10
1996	-10
2000	-10
2004	-10
2008	-6.37438
2012	-10
2016	-10
2020	-6.34205
2024	-10
2028	-6.63748
2032	-10
2036	-10
2040	-10
2044	-10
2048	-10
2052	-10
2056	-10
2060	-10
2064	-6.63748
2068	-10
2072	-10
2076	-10
2080	-10
2084	-10
2088	-10
2092	-10
2096	-10
2100	-10
2104	-10
2108	-10
2112	-10
2116	-10
2120	-10
2124	-10
2128	-10
2132	-10
2136	-10
2140	-10
2144	-10
2148	-10
2152	-10
2156	-10
2160	-10
2164	-10
2168	-10
2172	-10
2176	-10
2180	-10
2184	-10
2188	-10
2192	-10
2196	-10
2200	-10
2204	-10
2208	-10
2212	-10
2216	-10
2220	-10
2224	-10
2228	-10
2232	-10
2236	-10
2240	-10
2244	-10
2248	-10
2252	-10
2256	-10
2260	-10
2264	-10
2268	-10
2272	-10
2276	-10
2280	-10
2284	-10
2288	-10
2292	-10
2296	-10
2300	-10
2304	-10
2308	-10
2312	-10
2316	-10
2320	-10
2324	-10
2328	-10
2332	-10
2336	-10
2340	-10
2344	-10
2348	-10
2352	-10
2356	-10
2360	-10
2364	-10
2368	-10
2372	-10
2376	-10
2380	-10
2384	-10
2388	-10
2392	-10
2396	-10
2400	-10
2404	-10
2408	-10
2412	-10
2416	-10
2420	-10
2424	-10
2428	-10
2432	-10
2436	-10
2440	-10
2444	-10
2448	-10
2452	-10
2456	-10
2460	-10
2464	-10
2468	-10
2472	-10
2476	-10
2480	-10
2484	-10
2488	-10
2492	-10
2496	-10
2500	-10
2504	-10
2508	-10
2512	-10
2516	-10
2520	-10
2524	-10
2528	-10
2532	-10
2536	-10
2540	-10
2544	-10
2548	-10
2552	-10
2556	-10
2560	-10
2564	-10
2568	-10
2572	-10
2576	-10
2580	-10
2584	-10
2588	-10
2592	-10
2596	-10
2600	-10
2604	-10
2608	-10
2612	-10
2616	-10
2620	-10
2624	-10
2628	-10
2632	-10
2636	-10
2640	-10
2644	-10
2648	-10
2652	-10
2656	-10
2660	-10
2664	-10
2668	-10
2672	-10
2676	-10
2680	-10
2684	-10
2688	-10
2692	-10
2696	-10
2700	-10
2704	-10
2708	-10
2712	-10
2716	-10
2720	-10
2724	-10
2728	-10
2732	-10
2736	-10
2740	-10
2744	-10
2748	-10
2752	-10
2756	-10
2760	-10
2764	-10
2768	-10
2772	-10
2776	-10
2780	-10
2784	-10
2788	-10
2792	-10
2796	-10
2800	-10
2804	-10
2808	-10
2812	-10
2816	-10
2820	-10
2824	-10
2828	-10
2832	-10
2836	-10
2840	-10
2844	-10
2848	-10
2852	-10
2856	-10
2860	-10
2864	-10
2868	-10
2872	-10
2876	-10
2880	-10
2884	-10
2888	-10
2892	-10
2896	-10
2900	-10
2904	-10
2908	-10
2912	-10
2916	-10
2920	-10
2924	-10
2928	-10
2932	-10
2936	-10
2940	-10
2944	-10
2948	-10
2952	-10
2956	-10
2960	-10
2964	-10
2968	-10
2972	-10
2976	-10
2980	-10
2984	-10
2988	-10
2992	-10
2996	-10
3000	-10
3004	-10
3008	-10
3012	-10
3016	-10
3020	-10
3024	-10
3028	-10
3032	-10
3036	-10
3040	-10
3044	-10
3048	-10
3052	-10
3056	-10
3060	-10
3064	-10
3068	-10
3072	-10
3076	-10
3080	-10
3084	-10
3088	-10
3092	-10
3096	-10
3100	-10
3104	-10
3108	-10
3112	-10
3116	-10
3120	-10
3124	-10
3128	-10
3132	-10
3136	-10
3140	-10
3144	-10
3148	-10
3152	-10
3156	-10
3160	-10
3164	-10
3168	-10
3172	-10
3176	-10
3180	-10
3184	-10
3188	-10
3192	-10
3196	-10
3200	-10
3204	-10
3208	-10
3212	-10
3216	-10
3220	-10
3224	-10
3228	-10
3232	-10
3236	-10
3240	-10
3244	-10
3248	-10
3252	-10
3256	-10
3260	-10
3264	-10
3268	-10
3272	-10
3276	-10
3280	-10
3284	-10
3288	-10
3292	-10
3296	-10
3300	-10
3304	-10
3308	-10
3312	-10
3316	-10
3320	-10
3324	-10
3328	-10
3332	-10
3336	-10
3340	-10
3344	-10
3348	-10
3352	-10
3356	-10
3360	-10
3364	-10
3368	-10
3372	-10
3376	-10
3380	-10
3384	-10
3388	-10
3392	-10
3396	-10
3400	-10
3404	-10
3408	-10
3412	-10
3416	-10
3420	-10
3424	-10
3428	-10
3432	-10
3436	-10
3440	-10
3444	-10
3448	-10
3452	-10
3456	-10
3460	-10
3464	-10
3468	-10
3472	-10
3476	-10
3480	-10
3484	-10
3488	-10
3492	-10
3496	-10
3500	-10
3504	-10
3508	-10
3512	-10
3516	-10
3520	-10
3524	-10
3528	-10
3532	-10
3536	-10
3540	-10
3544	-10
3548	-10
3552	-10
3556	-10
3560	-10
3564	-10
3568	-10
3572	-10
3576	-10
3580	-10
3584	-10
3588	-10
3592	-10
3596	-10
3600	-10
3604	-10
3608	-10
3612	-10
3616	-10
3620	-10
3624	-10
3628	-10
3632	-10
3636	-10
3640	-10
3644	-10
3648	-10
3652	-10
3656	-10
3660	-10
3664	-10
3668	-10
3672	-10
3676	-10
3680	-10
3684	-10
3688	-10
3692	-10
3696	-10
3700	-10
3704	-10
3708	-10
3712	-10
3716	-10
3720	-10
3724	-10
3728	-10
3732	-10
3736	-10
3740	-10
3744	-10
3748	-10
3752	-10
3756	-10
3760	-10
3764	-10
3768	-10
3772	-10
3776	-10
3780	-10
3784	-10
3788	-10
3792	-10
3796	-10
3800	-10
3804	-10
3808	-10
3812	-10
3816	-10
3820	-10
3824	-10
3828	-10
3832	-10
3836	-10
3840	-10
3844	-10
3848	-10
3852	-10
3856	-10
3860	-10
3864	-10
3868	-10
3872	-10
3876	-10
3880	-10
3884	-10
3888	-10
3892	-10
3896	-10
3900	-10
3904	-10
3908	-10
3912	-10
3916	-10
3920	-10
3924	-10
3928	-10
3932	-10
3936	-10
3940	-10
3944	-10
3948	-10
3952	-10
3956	-10
3960	-10
3964	-10
3968	-10
3972	-10
3976	-10
3980	-10
3984	-10
3988	-10
3992	-10
3996	-10
4000	-10
4004	-10
4008	-10
4012	-10
4016	-10
4020	-10
4024	-10
4028	-10
4032	-10
4036	-10
4040	-10
4044	-10
4048	-10
4052	-10
4056	-10
4060	-10
4064	-10
4068	-10
4072	-10
4076	-10
4080	-10
4084	-10
4088	-10
4092	-10
4096	-10
4100	-10
4104	-10
4108	-10
4112	-10
4116	-10
4120	-10
4124	-10
4128	-10
4132	-10
4136	-10
4140	-10
4144	-10
4148	-10
4152	-10
4156	-10
4160	-10
4164	-10
4168	-10
4172	-10
4176	-10
4180	-10
4184	-10
4188	-10
4192	-10
4196	-10
4200	-10
4204	-10
4208	-10
4212	-10
4216	-10
4220	-10
4224	-10
4228	-10
4232	-10
4236	-10
4240	-10
4244	-10
4248	-10
4252	-10
4256	-10
4260	-10
4264	-10
4268	-10
4272	-10
4276	-10
4280	-10
4284	-10
4288	-10
4292	-10
4296	-10
4300	-10
4304	-10
4308	-10
4312	-10
4316	-10
4320	-10
4324	-10
4328	-10
4332	-10
4336	-10
4340	-10
4344	-10
4348	-10
4352	-10
4356	-10
4360	-10
4364	-10
4368	-10
4372	-10
4376	-10
4380	-10
4384	-10
4388	-10
4392	-10
4396	-10
4400	-10
4404	-10
4408	-10
4412	-10
4416	-10
4420	-10
4424	-10
4428	-10
4432	-10
4436	-10
4440	-10
4444	-10
4448	-10
4452	-10
4456	-10
4460	-10
4464	-10
4468	-10
4472	-10
4476	-10
4480	-10
4484	-10
4488	-10
4492	-10
4496	-10
4500	-10
4504	-10
4508	-10
4512	-10
4516	-10
4520	-10
4524	-10
4528	-10
4532	-10
4536	-10
4540	-10
4544	-10
4548	-10
4552	-10
4556	-10
4560	-10
4564	-10
4568	-10
4572	-10
4576	-10
4580	-10
4584	-10
4588	-10
4592	-10
4596	-10
4600	-10
4604	-10
4608	-10
4612	-10
4616	-10
4620	-10
4624	-10
4628	-10
4632	-10
4636	-10
4640	-10
4644	-10
4648	-10
4652	-10
4656	-10
4660	-10
4664	-10
4668	-10
4672	-10
4676	-10
4680	-10
4684	-10
4688	-10
4692	-10
4696	-10
4700	-10
4704	-10
4708	-10
4712	-10
4716	-10
4720	-10
4724	-10
4728	-10
4732	-10
4736	-10
4740	-10
4744	-10
4748	-10
4752	-10
4756	-10
4760	-10
4764	-10
4768	-10
4772	-10
4776	-10
4780	-10
4784	-10
4788	-10
4792	-10
4796	-10
4800	-10
4804	-10
4808	-10
4812	-10
4816	-10
4820	-10
4824	-10
4828	-10
4832	-10
4836	-10
4840	-10
4844	-10
4848	-10
4852	-10
4856	-10
4860	-10
4864	-10
4868	-10
4872	-10
4876	-10
4880	-10
4884	-10
4888	-10
4892	-10
4896	-10
4900	-10
4904	-10
4908	-10
4912	-10
4916	-10
4920	-10
4924	-10
4928	-10
4932	-10
4936	-10
4940	-10
4944	-10
4948	-10
4952	-10
4956	-10
4960	-10
4964	-10
4968	-10
4972	-10
4976	-10
4980	-10
4984	-10
4988	-10
4992	-10
4996	-10
5000	-10
5004	-10
5008	-10
5012	-10
5016	-10
5020	-10
5024	-10
5028	-10
5032	-10
5036	-10
5040	-10
5044	-10
5048	-10
5052	-10
5056	-10
5060	-10
5064	-10
5068	-10
5072	-10
5076	-10
5080	-10
5084	-10
5088	-10
5092	-10
5096	-10
5100	-10
5104	-10
5108	-10
5112	-10
5116	-10
5120	-10
5124	-10
5128	-10
5132	-10
5136	-10
5140	-10
5144	-10
5148	-10
5152	-10
5156	-10
5160	-10
5164	-10
5168	-10
5172	-10
5176	-10
5180	-10
5184	-10
5188	-10
5192	-10
5196	-10
5200	-10
5204	-10
5208	-10
5212	-10
5216	-10
5220	-10
5224	-10
5228	-10
5232	-10
5236	-10
5240	-10
5244	-10
5248	-10
5252	-10
5256	-10
5260	-10
5264	-10
5268	-10
5272	-10
5276	-10
5280	-10
5284	-10
5288	-10
5292	-10
5296	-10
5300	-10
5304	-10
5308	-10
5312	-10
5316	-10
5320	-10
5324	-10
5328	-10
5332	-10
5336	-10
5340	-10
5344	-10
5348	-10
5352	-10
5356	-10
5360	-10
5364	-10
5368	-10
5372	-10
5376	-10
5380	-10
5384	-10
5388	-10
5392	-10
5396	-10
5400	-10
5404	-10
5408	-10
5412	-10
5416	-10
5420	-10
5424	-10
5428	-10
5432	-10
5436	-10
5440	-10
5444	-10
5448	-10
5452	-10
5456	-10
5460	-10
5464	-10
5468	-10
5472	-10
5476	-10
5480	-10
5484	-10
5488	-10
5492	-10
5496	-10
5500	-10
5504	-10
5508	-10
5512	-10
5516	-10
5520	-10
5524	-10
5528	-10
5532	-10
5536	-10
5540	-10
5544	-10
5548	-10
5552	-10
5556	-10
5560	-10
5564	-10
5568	-10
5572	-10
5576	-10
5580	-10
5584	-10
5588	-10
5592	-10
5596	-10
5600	-10
5604	-10
5608	-10
5612	-10
5616	-10
5620	-10
5624	-10
5628	-10
5632	-10
5636	-10
5640	-10
5644	-10
5648	-10
5652	-10
5656	-10
5660	-10
5664	-10
5668	-10
5672	-10
5676	-10
5680	-10
5684	-10
5688	-10
5692	-10
5696	-10
5700	-10
5704	-10
5708	-10
5712	-10
5716	-10
5720	-10
5724	-10
5728	-10
5732	-10
5736	-10
5740	-10
5744	-10
5748	-10
5752	-10
5756	-10
5760	-10
5764	-10
5768	-10
5772	-10
5776	-10
5780	-10
5784	-10
5788	-10
5792	-10
5796	-10
5800	-10
5804	-10
5808	-10
5812	-10
5816	-10
5820	-10
5824	-10
5828	-10
5832	-10
5836	-10
5840	-10
5844	-10
5848	-10
5852	-10
5856	-10
5860	-10
5864	-10
5868	-10
5872	-10
5876	-10
5880	-10
5884	-10
5888	-10
5892	-10
5896	-10
5900	-10
5904	-10
5908	-10
5912	-10
5916	-10
5920	-10
5924	-10
5928	-10
5932	-10
5936	-10
5940	-10
5944	-10
5948	-10
5952	-10
5956	-10
5960	-10
5964	-10
5968	-10
5972	-10
5976	-10
5980	-10
5984	-10
5988	-10
5992	-10
5996	-10
6000	-10
6004	-10
6008	-10
6012	-10
6016	-10
6020	-10
6024	-10
6028	-10
6032	-10
6036	-10
6040	-10
6044	-10
6048	-10
6052	-10
6056	-10
6060	-10
6064	-10
6068	-10
6072	-10
6076	-10
6080	-10
6084	-10
6088	-10
6092	-10
6096	-10
6100	-10
6104	-10
6108	-10
6112	-10
6116	-10
6120	-10
6124	-10
6128	-10
6132	-10
6136	-10
6140	-10
6144	-10
6148	-10
6152	-10
6156	-10
6160	-10
6164	-10
6168	-10
6172	-10
6176	-10
6180	-10
6184	-10
6188	-10
6192	-10
6196	-10
6200	-10
6204	-10
6208	-10
6212	-10
6216	-10
6220	-10
6224	-10
6228	-10
6232	-10
6236	-10
6240	-10
6244	-10
6248	-10
6252	-10
6256	-10
6260	-10
6264	-10
6268	-10
6272	-10
6276	-10
6280	-10
6284	-10
6288	-10
6292	-10
6296	-10
6300	-10
6304	-10
6308	-10
6312	-10
6316	-10
6320	-10
6324	-10
6328	-10
6332	-10
6336	-10
6340	-10
6344	-10
6348	-10
6352	-10
6356	-10
6360	-10
6364	-10
6368	-10
6372	-10
6376	-10
6380	-10
6384	-10
6388	-10
6392	-10
6396	-10
6400	-10
6404	-10
6408	-10
6412	-10
6416	-10
6420	-10
6424	-10
6428	-10
6432	-10
6436	-10
6440	-10
6444	-10
6448	-10
6452	-10
6456	-10
6460	-10
6464	-10
6468	-10
6472	-10
6476	-10
6480	-10
6484	-10
6488	-10
6492	-10
6496	-10
6500	-10
6504	-10
6508	-10
6512	-10
6516	-10
6520	-10
6524	-10
6528	-10
6532	-10
6536	-10
6540	-10
6544	-10
6548	-10
6552	-10
6556	-10
6560	-10
6564	-10
6568	-10
6572	-10
6576	-10
6580	-10
6584	-10
6588	-10
6592	-10
6596	-10
6600	-10
6604	-10
6608	-10
6612	-10
6616	-10
6620	-10
6624	-10
6628	-10
6632	-10
6636	-10
6640	-10
6644	-10
6648	-10
6652	-10
6656	-10
6660	-10
6664	-10
6668	-10
6672	-10
6676	-10
6680	-10
6684	-10
6688	-10
6692	-10
6696	-10
6700	-10
6704	-10
6708	-10
6712	-10
6716	-10
6720	-10
6724	-10
6728	-10
6732	-10
6736	-10
6740	-10
6744	-10
6748	-10
6752	-10
6756	-10
6760	-10
6764	-10
6768	-10
6772	-10
6776	-10
6780	-10
6784	-10
6788	-10
6792	-10
6796	-10
6800	-10
6804	-10
6808	-10
6812	-10
6816	-10
6820	-10
6824	-10
6828	-10
6832	-10
6836	-10
6840	-10
6844	-10
6848	-10
6852	-10
6856	-10
6860	-10
6864	-10
6868	-10
6872	-10
6876	-10
6880	-10
6884	-10
6888	-10
6892	-10
6896	-10
6900	-10
6904	-10
6908	-10
6912	-10
6916	-10
6920	-10
6924	-10
6928	-10
6932	-10
6936	-10
6940	-10
6944	-10
6948	-10
6952	-10
6956	-10
6960	-10
6964	-10
6968	-10
6972	-10
6976	-10
6980	-10
6984	-10
6988	-10
6992	-10
6996	-10
7000	-10
7004	-10
7008	-10
7012	-10
7016	-10
7020	-10
7024	-10
7028	-10
7032	-10
7036	-10
7040	-10
7044	-10
7048	-10
7052	-10
7056	-10
7060	-10
7064	-10
7068	-10
7072	-10
7076	-10
7080	-10
7084	-10
7088	-10
7092	-10
7096	-10
7100	-10
7104	-10
7108	-10
7112	-10
7116	-10
7120	-10
7124	-10
7128	-10
7132	-10
7136	-10
7140	-10
7144	-10
7148	-10
7152	-10
7156	-10
7160	-10
7164	-10
7168	-10
7172	-10
7176	-10
7180	-10
7184	-10
7188	-10
7192	-10
7196	-10
7200	-10
7204	-10
7208	-10
7212	-10
7216	-10
7220	-10
7224	-10
7228	-10
7232	-10
7236	-10
7240	-10
7244	-10
7248	-10
7252	-10
7256	-10
7260	-10
7264	-10
7268	-10
7272	-10
7276	-10
7280	-10
7284	-10
7288	-10
7292	-10
7296	-10
7300	-10
7304	-10
7308	-10
7312	-10
7316	-10
7320	-10
7324	-10
7328	-10
7332	-10
7336	-10
7340	-10
7344	-10
7348	-10
7352	-10
7356	-10
7360	-10
7364	-10
7368	-10
7372	-10
7376	-10
7380	-10
7384	-10
7388	-10
7392	-10
7396	-10
7400	-10
7404	-10
7408	-10
7412	-10
7416	-10
7420	-10
7424	-10
7428	-10
7432	-10
7436	-10
7440	-10
7444	-10
7448	-10
7452	-10
7456	-10
7460	-10
7464	-10
7468	-10
7472	-10
7476	-10
7480	-10
7484	-10
7488	-10
7492	-10
7496	-10
