0	2.57905
4	-0.0316077
8	-0.00283807
12	0.186927
16	-0.00731107
20	-0.194629
24	-0.230665
28	-0.266126
32	-0.289097
36	-0.328222
40	-0.351391
44	-0.354639
48	-0.364464
52	-0.400214
56	-0.366394
60	-0.300226
64	-0.240269
68	-0.215812
72	-0.182278
76	-0.192422
80	0.61207
84	0.813879
88	-0.337238
92	0.472813
96	0.0917085
100	-0.326108
104	-0.223858
108	-0.0503048
112	-0.0459188
116	-0.0567315
120	-0.0977179
124	-0.116166
128	-0.11913
132	-0.132086
136	-0.148023
140	-0.129314
144	-0.147353
148	-0.132652
152	-0.104544
156	-0.119779
160	-0.112328
164	-0.104022
168	-0.125369
172	-0.147921
176	-0.129645
180	-0.160611
184	1.80689
188	-0.740693
192	-0.734161
196	-0.76114
200	-0.754346
204	-0.749224
208	-0.782802
212	-0.755262
216	-0.764157
220	-0.771266
224	-0.777792
228	-0.767335
232	-0.793539
236	-0.764488
240	-0.787017
244	-0.784004
248	-0.829785
252	-0.770827
256	-0.778167
260	-0.711548
264	-0.788213
268	-0.816558
272	-0.805738
276	-0.774542
280	-0.774482
284	-0.815351
288	-0.80976
292	-0.796053
296	-0.815609
300	-0.815646
304	-0.844879
308	-0.796391
312	-0.826876
316	-0.777218
320	-0.839934
324	-0.820661
328	-0.807102
332	-0.809869
336	-0.835096
340	-0.835578
344	-0.809091
348	-0.853141
352	-0.841538
356	-0.816078
360	-0.835235
364	-0.808283
368	-0.823376
372	-0.855899
376	-0.82281
380	-0.839005
384	-0.8618
388	-0.84156
392	-0.846815
396	-0.834936
400	-0.841621
404	-0.836732
408	-0.865426
412	-0.799295
416	-0.838417
420	-0.863021
424	-0.847767
428	-0.84071
432	-0.86132
436	-0.827527
440	-0.843397
444	-0.841954
448	-0.727323
452	-0.854329
456	-0.862437
460	-0.818823
464	-0.861177
468	-0.843439
472	-0.849238
476	-0.82056
480	-0.843911
484	-0.853786
488	-0.886862
492	-0.875696
496	-0.872065
500	-0.869337
504	-0.84581
508	-0.0437641
512	-0.82818
516	-0.848527
520	-0.880113
524	-0.834283
528	-0.874326
532	-0.870965
536	-0.83317
540	-0.861179
544	-0.854186
548	-0.860443
552	-0.830687
556	-0.838266
560	-0.845628
564	-0.819534
568	-0.818018
572	-0.867483
576	-0.853058
580	-0.858169
584	-0.831481
588	-0.851507
592	-0.830538
596	-0.85581
600	-0.819918
604	-0.870405
608	-0.865806
612	-0.865492
616	-0.854138
620	-0.884002
624	-0.812708
628	-0.867814
632	-0.848679
636	-0.815734
640	-0.851246
644	-0.844207
648	-0.856359
652	-0.842406
656	-0.844255
660	-0.904548
664	-0.810083
668	-0.86383
672	-0.836545
676	-0.851345
680	-0.82607
684	-0.877963
688	-0.866269
692	-0.8714
696	-0.814537
700	-0.826345
704	-0.811295
708	-0.846075
712	-0.824085
716	-0.85979
720	-0.818111
724	-0.858821
728	-0.855709
732	-0.825958
736	-0.836344
740	-0.798235
744	-0.818586
748	-0.779782
752	-0.826011
756	-0.848887
760	-0.822425
764	-0.857223
768	-0.855796
772	-0.828164
776	-0.870099
780	-0.824717
784	-0.809631
788	-0.840254
792	-0.860575
796	-0.665575
800	-0.778697
804	-0.834106
808	-0.860453
812	-0.842768
816	-0.82095
820	-0.808951
824	-0.818622
828	-0.861813
832	-0.809673
836	-0.802126
840	-0.860754
844	-0.84506
848	-0.845228
852	-0.819484
856	-0.815765
860	-0.850182
864	-0.820276
868	-0.801505
872	-0.798381
876	-0.80616
880	-0.816805
884	-0.774537
888	-0.804455
892	-0.789952
896	-0.816702
900	-0.813573
904	-0.817878
908	-0.785905
912	-0.811047
916	-0.836745
920	-0.799814
924	-0.775717
928	-0.776371
932	-0.812479
936	-0.803741
940	-0.8228
944	-0.82005
948	-0.802794
952	-0.787613
956	-0.8164
960	-0.830409
964	-0.822013
968	-0.803849
972	-0.792066
976	-0.788746
980	-0.786507
984	-0.80422
988	-0.808186
992	-0.794637
996	-0.788748
1000	-0.787712
1004	-0.816673
1008	-0.801888
1012	-0.787257
1016	-0.783138
1020	-0.801639
1024	-0.781374
1028	-0.814189
1032	-0.810373
1036	-0.786281
1040	-0.786651
1044	-0.790829
1048	-0.815207
1052	-0.825875
1056	-0.793789
1060	-0.796009
1064	-0.826367
1068	-0.779324
1072	-0.810575
1076	-0.779225
1080	-0.770532
1084	-0.785025
1088	-0.784272
1092	-0.761197
1096	-0.777418
1100	-0.785011
1104	-0.795304
1108	-0.751229
1112	-0.780166
1116	-0.788853
1120	-0.763918
1124	-0.771915
1128	-0.77274
1132	-0.780351
1136	-0.785001
1140	-0.761263
1144	-0.746912
1148	-0.772496
1152	-0.770766
1156	-0.785752
1160	-0.777122
1164	-0.793485
1168	-0.791993
1172	-0.764999
1176	-0.772043
1180	-0.771857
1184	-0.76717
1188	-0.759428
1192	-0.753697
1196	-0.738093
1200	-0.776928
1204	-0.790426
1208	-0.764282
1212	-0.771275
1216	-0.792639
1220	-0.740608
1224	-0.771245
1228	-0.756182
1232	-0.740259
1236	-0.76162
1240	-0.790579
1244	-0.794408
1248	-0.755612
1252	-0.752943
1256	-0.753252
1260	-0.744215
1264	-0.748971
1268	-0.754407
1272	-0.725939
1276	-0.758327
1280	-0.74792
1284	-0.740192
1288	-0.786838
1292	-0.744193
1296	-0.756452
1300	-0.725288
1304	-0.758435
1308	-0.732424
1312	-0.784847
1316	-0.728512
1320	-0.726864
1324	-0.770811
1328	-0.771469
1332	-0.732844
1336	-0.77942
1340	-0.746886
1344	-0.760008
1348	-0.766253
1352	-0.750833
1356	-0.74381
1360	-0.754736
1364	-0.771063
1368	-0.711873
1372	-0.711577
1376	-0.748674
1380	-0.771352
1384	-0.755735
1388	-0.72802
1392	-0.736266
1396	-0.722004
1400	-0.761823
1404	-0.758403
1408	-0.739391
1412	-0.703663
1416	-0.76537
1420	-0.732722
1424	-0.725325
1428	-0.71584
1432	-0.716947
1436	-0.725573
1440	-0.753546
1444	-0.728181
1448	-0.727408
1452	-0.708721
1456	-0.733394
1460	-0.733084
1464	-0.746281
1468	-0.762748
1472	-0.727044
1476	-0.699722
1480	-0.733376
1484	-0.696432
1488	-0.705431
1492	-0.748161
1496	-0.719552
1500	-0.757889
1504	-0.730942
1508	-0.71415
1512	-0.713678
1516	-0.728155
1520	-0.737848
1524	-0.759585
1528	-0.744217
1532	-0.705493
1536	-0.741452
1540	-0.730454
1544	-0.719056
1548	-0.735397
1552	-0.701144
1556	-0.725726
1560	-0.709811
1564	-0.729004
1568	-0.728839
1572	-0.701338
1576	-0.721528
1580	-0.736028
1584	-0.740177
1588	-0.713936
1592	-0.735417
1596	-0.670235
1600	-0.707226
1604	-0.685872
1608	-0.719306
1612	-0.699288
1616	-0.693933
1620	-0.714671
1624	-0.705715
1628	-0.737445
1632	-0.724986
1636	-0.698052
1640	-0.747308
1644	-0.721073
1648	-0.700427
1652	-0.718867
1656	-0.703604
1660	-0.713957
1664	-0.714104
1668	-0.690699
1672	-0.703907
1676	-0.714381
1680	-0.699537
1684	-0.690023
1688	-0.685854
1692	-0.688007
1696	-0.757179
1700	-0.694432
1704	-0.712159
1708	-0.680459
1712	-0.661976
1716	-0.68963
1720	-0.711267
1724	-0.702636
1728	-0.664227
1732	-0.691438
1736	-0.681667
1740	-0.704547
1744	-0.70084
1748	-0.677338
1752	-0.691197
1756	-0.676749
1760	-0.681579
1764	-0.683613
1768	-0.681855
1772	-0.704452
1776	-0.680611
1780	-0.714005
1784	-0.69145
1788	-0.693661
1792	-0.687139
1796	-0.687808
1800	-0.70563
1804	-0.693966
1808	-0.705115
1812	-0.671846
1816	-0.667875
1820	-0.676671
1824	-0.71624
1828	-0.674526
1832	-0.728848
1836	-0.683359
1840	-0.69675
1844	-0.659534
1848	-0.657848
1852	-0.681021
1856	-0.674149
1860	-0.687538
1864	-0.680729
1868	-0.687776
1872	-0.689909
1876	-0.669289
1880	-0.67799
1884	-0.676222
1888	-0.680457
1892	-0.681496
1896	-0.680766
1900	-0.678505
1904	-0.696069
1908	-0.649892
1912	-0.673435
1916	-0.684209
1920	-0.699406
1924	-0.679334
1928	-0.674817
1932	-0.681545
1936	-0.630982
1940	-0.678005
1944	-0.668303
1948	-0.682456
1952	-0.678472
1956	-0.684083
1960	-0.659249
1964	-0.661814
1968	-0.669202
1972	-0.663392
1976	-0.654109
1980	-0.661043
1984	-0.671063
1988	-0.676745
1992	-0.687337
1996	-0.651697
2000	-0.677531
2004	-0.682632
2008	-0.661322
2012	-0.665265
2016	-0.660332
2020	-0.658462
2024	-0.63841
2028	-0.667196
2032	-0.634492
2036	-0.679516
2040	-0.670907
2044	-0.678086
2048	-0.661136
2052	-0.664461
2056	-0.664778
2060	-0.671436
2064	-0.663717
2068	-0.646266
2072	-0.673168
2076	-0.642349
2080	-0.655573
2084	-0.639519
2088	-0.655523
2092	-0.657008
2096	-0.648916
2100	-0.671526
2104	-0.664763
2108	-0.662128
2112	-0.648281
2116	-0.674358
2120	-0.640374
2124	-0.658002
2128	-0.651326
2132	-0.648714
2136	-0.670547
2140	-0.666569
2144	-0.663678
2148	-0.657712
2152	-0.646495
2156	-0.625374
2160	-0.638312
2164	-0.635393
2168	-0.626074
2172	-0.670468
2176	-0.658761
2180	-0.645053
2184	-0.668517
2188	-0.648596
2192	-0.651441
2196	-0.666091
2200	-0.624106
2204	-0.662091
2208	-0.640182
2212	-0.654398
2216	-0.641279
2220	-0.646616
2224	-0.660517
2228	-0.657733
2232	-0.634644
2236	-0.648902
2240	-0.656564
2244	-0.64223
2248	-0.668286
2252	-0.652387
2256	-0.657113
2260	-0.649411
2264	-0.636493
2268	-0.642503
2272	-0.64086
2276	-0.665514
2280	-0.670443
2284	-0.62917
2288	-0.645816
2292	-0.646535
2296	-0.659986
2300	-0.644046
2304	-0.624002
2308	-0.617299
2312	-0.666414
2316	-0.623181
2320	-0.610178
2324	-0.6369
2328	-0.637163
2332	-0.631683
2336	-0.614353
2340	-0.636603
2344	-0.639737
2348	-0.639349
2352	-0.626943
2356	-0.634162
2360	-0.614675
2364	-0.625043
2368	-0.611192
2372	-0.655097
2376	-0.62843
2380	-0.605595
2384	-0.641707
2388	-0.650866
2392	-0.609365
2396	-0.615898
2400	-0.610708
2404	-0.651959
2408	-0.623595
2412	-0.634905
2416	-0.604139
2420	-0.629023
2424	-0.607797
2428	-0.628959
2432	-0.623914
2436	-0.61548
2440	-0.632636
2444	-0.607227
2448	-0.62373
2452	-0.616703
2456	-0.603199
2460	-0.638525
2464	-0.646256
2468	-0.613372
2472	-0.609231
2476	-0.61436
2480	-0.594098
2484	-0.594248
2488	-0.625758
2492	-0.624501
2496	-0.63539
2500	-0.602695
2504	-0.614653
2508	-0.617157
2512	-0.632245
2516	-0.616394
2520	-0.639195
2524	-0.640037
2528	-0.618089
2532	-0.607654
2536	-0.615836
2540	-0.61302
2544	-0.608988
2548	-0.610597
2552	-0.612672
2556	-0.615248
2560	-0.626235
2564	-0.622257
2568	-0.614698
2572	-0.630544
2576	-0.601222
2580	-0.609826
2584	-0.612654
2588	-0.602239
2592	-0.597086
2596	-0.622738
2600	-0.602806
2604	-0.625304
2608	-0.599725
2612	-0.599402
2616	-0.626675
2620	-0.583815
2624	-0.598833
2628	-0.60448
2632	-0.611458
2636	-0.60182
2640	-0.575924
2644	-0.614508
2648	-0.610443
2652	-0.592041
2656	-0.609369
2660	-0.593201
2664	-0.587709
2668	-0.588774
2672	-0.620058
2676	-0.624789
2680	-0.627062
2684	-0.590976
2688	-0.601288
2692	-0.590504
2696	-0.606728
2700	-0.574036
2704	-0.618671
2708	-0.57775
2712	-0.584642
2716	-0.580874
2720	-0.562541
2724	-0.606138
2728	-0.590842
2732	-0.603118
2736	-0.575684
2740	-0.589982
2744	-0.591973
2748	-0.588011
2752	-0.608932
2756	-0.601603
2760	-0.600538
2764	-0.578364
2768	-0.590796
2772	-0.578158
2776	-0.594181
2780	-0.586186
2784	-0.578335
2788	-0.584104
2792	-0.553109
2796	-0.572895
2800	-0.599037
2804	-0.569794
2808	-0.578088
2812	-0.601968
2816	-0.583723
2820	-0.568462
2824	-0.584011
2828	-0.567528
2832	-0.582715
2836	-0.579821
2840	-0.591672
2844	-0.569667
2848	-0.573079
2852	-0.593003
2856	-0.577906
2860	-0.560896
2864	-0.570407
2868	-0.566492
2872	-0.587853
2876	-0.562145
2880	-0.57504
2884	-0.552464
2888	-0.554175
2892	-0.577454
2896	-0.548784
2900	-0.572763
2904	-0.561657
2908	-0.580879
2912	-0.54492
2916	-0.586753
2920	-0.572164
2924	-0.56544
2928	-0.559429
2932	-0.589077
2936	-0.553334
2940	-0.55317
2944	-0.546136
2948	-0.567345
2952	-0.573733
2956	-0.559319
2960	-0.553975
2964	-0.557784
2968	-0.545412
2972	-0.566994
2976	-0.546463
2980	-0.562237
2984	-0.576848
2988	-0.547177
2992	-0.546766
2996	-0.574893
3000	-0.544271
3004	-0.555462
3008	-0.558499
3012	-0.563669
3016	-0.552114
3020	-0.582278
3024	-0.561956
3028	-0.578388
3032	-0.531602
3036	-0.568142
3040	-0.548239
3044	-0.549664
3048	-0.563104
3052	-0.550926
3056	-0.53283
3060	-0.553764
3064	-0.535207
3068	-0.533963
3072	-0.555804
3076	-0.570243
3080	-0.524381
3084	-0.546968
3088	-0.563061
3092	-0.573437
3096	-0.558793
3100	-0.522526
3104	-0.545892
3108	-0.528336
3112	-0.545339
3116	-0.554424
3120	-0.571514
3124	-0.554766
3128	-0.522722
3132	-0.54429
3136	-0.551725
3140	-0.541926
3144	-0.538714
3148	-0.532423
3152	-0.534891
3156	-0.553853
3160	-0.536517
3164	-0.53357
3168	-0.554413
3172	-0.544626
3176	-0.537302
3180	-0.556524
3184	-0.515716
3188	-0.514969
3192	-0.524958
3196	-0.534378
3200	-0.533282
3204	-0.558676
3208	-0.53291
3212	-0.523468
3216	-0.550312
3220	-0.544266
3224	-0.547213
3228	-0.524351
3232	-0.517115
3236	-0.523262
3240	-0.53675
3244	-0.535918
3248	-0.53833
3252	-0.52467
3256	-0.530684
3260	-0.534032
3264	-0.530332
3268	-0.517298
3272	-0.524606
3276	-0.513505
3280	-0.529252
3284	-0.518812
3288	-0.524123
3292	-0.535073
3296	-0.514403
3300	-0.531901
3304	-0.530959
3308	-0.512392
3312	-0.524307
3316	-0.525138
3320	-0.508262
3324	-0.525101
3328	-0.530579
3332	-0.500995
3336	-0.517435
3340	-0.522295
3344	-0.492652
3348	-0.534327
3352	-0.533686
3356	-0.504109
3360	-0.538628
3364	-0.500309
3368	-0.522391
3372	-0.504297
3376	-0.543524
3380	-0.505265
3384	-0.512993
3388	-0.493186
3392	-0.504983
3396	-0.500021
3400	-0.500486
3404	-0.508475
3408	-0.490716
3412	-0.496037
3416	-0.51605
3420	-0.498255
3424	-0.513077
3428	-0.498615
3432	-0.4854
3436	-0.517037
3440	-0.508526
3444	-0.492207
3448	-0.47699
3452	-0.512267
3456	-0.496184
3460	-0.503006
3464	-0.496899
3468	-0.51287
3472	-0.507826
3476	-0.502203
3480	-0.505369
3484	-0.481854
3488	-0.497052
3492	-0.495135
3496	-0.502421
3500	-0.493619
3504	-0.479726
3508	-0.49193
3512	-0.509812
3516	-0.502474
3520	-0.492945
3524	-0.48361
3528	-0.487119
3532	-0.508742
3536	-0.506868
3540	-0.494725
3544	-0.50093
3548	-0.484556
3552	-0.507155
3556	-0.495346
3560	-0.490153
3564	-0.485617
3568	-0.488431
3572	-0.491326
3576	-0.486121
3580	-0.483997
3584	-0.483581
3588	-0.503268
3592	-0.49824
3596	-0.47562
3600	-0.480111
3604	-0.512255
3608	-0.488428
3612	-0.476579
3616	-0.478441
3620	-0.481077
3624	-0.491629
3628	-0.480266
3632	-0.466422
3636	-0.474025
3640	-0.457955
3644	-0.455628
3648	-0.475766
3652	-0.483703
3656	-0.473831
3660	-0.476921
3664	-0.481913
3668	-0.478578
3672	-0.457128
3676	-0.448712
3680	-0.473132
3684	-0.474976
3688	-0.468098
3692	-0.451077
3696	-0.466983
3700	-0.451641
3704	-0.461848
3708	-0.463815
3712	-0.463283
3716	-0.453325
3720	-0.457339
3724	-0.467904
3728	-0.453724
3732	-0.450844
3736	-0.45663
3740	-0.455261
3744	-0.454331
3748	-0.454154
3752	-0.443834
3756	-0.460736
3760	-0.475884
3764	-0.455816
3768	-0.450232
3772	-0.449359
3776	-0.450748
3780	-0.467293
3784	-0.464206
3788	-0.451245
3792	-0.455591
3796	-0.446038
3800	-0.448041
3804	-0.453118
3808	-0.431686
3812	-0.440175
3816	-0.435447
3820	-0.432459
3824	-0.430893
3828	-0.42007
3832	-0.444865
3836	-0.427678
3840	-0.43851
3844	-0.440375
3848	-0.435114
3852	-0.437794
3856	-0.441786
3860	-0.434955
3864	-0.425111
3868	-0.433132
3872	-0.440497
3876	-0.44644
3880	-0.422168
3884	-0.429016
3888	-0.421329
3892	-0.416585
3896	-0.423705
3900	-0.436622
3904	-0.448166
3908	-0.425392
3912	-0.420765
3916	-0.427894
3920	-0.434328
3924	-0.405365
3928	-0.403192
3932	-0.4118
3936	-0.413593
3940	-0.413242
3944	-0.421593
3948	-0.424219
3952	-0.398985
3956	-0.401946
3960	-0.414246
3964	-0.413856
3968	-0.409324
3972	-0.405481
3976	-0.407366
3980	-0.411986
3984	-0.401263
3988	-0.410865
3992	-0.403971
3996	-0.402064
4000	-0.400527
4004	-0.405074
4008	-0.38755
4012	-0.390019
4016	-0.418717
4020	-0.39889
4024	-0.408614
4028	-0.401396
4032	-0.396346
4036	-0.401774
4040	-0.381328
4044	-0.40215
4048	-0.415979
4052	-0.393822
4056	-0.370747
4060	-0.382054
4064	-0.379699
4068	-0.379869
4072	-0.393103
4076	-0.384891
4080	-0.370376
4084	-0.394743
4088	-0.368325
4092	-0.377454
4096	-0.37179
4100	-0.364479
4104	-0.37765
4108	-0.376835
4112	-0.361363
4116	-0.385837
4120	-0.375386
4124	-0.375823
4128	-0.367534
4132	-0.380332
4136	-0.380371
4140	-0.390306
4144	-0.366778
4148	-0.350999
4152	-0.356308
4156	-0.362258
4160	-0.355382
4164	-0.340615
4168	-0.357271
4172	-0.350578
4176	-0.35458
4180	-0.355567
4184	-0.344085
4188	-0.35995
4192	-0.345381
4196	-0.351756
4200	-0.348459
4204	-0.34481
4208	-0.346395
4212	-0.348844
4216	-0.346065
4220	-0.336326
4224	-0.320017
4228	-0.34283
4232	-0.334898
4236	-0.325895
4240	-0.340022
4244	-0.318997
4248	-0.332828
4252	-0.32453
4256	-0.340045
4260	-0.323646
4264	-0.31411
4268	-0.301829
4272	-0.330867
4276	-0.316283
4280	-0.311327
4284	-0.312297
4288	-0.321879
4292	-0.321132
4296	-0.296247
4300	-0.310244
4304	-0.312358
4308	-0.300137
4312	-0.303864
4316	-0.300339
4320	-0.302095
4324	-0.283529
4328	-0.292358
4332	-0.302345
4336	-0.28961
4340	-0.273826
4344	-0.289348
4348	-0.274181
4352	-0.291843
4356	-0.278299
4360	-0.279338
4364	-0.281764
4368	-0.277049
4372	-0.27481
4376	-0.274977
4380	-0.266216
4384	-0.271681
4388	-0.271356
4392	-0.265946
4396	-0.255645
4400	-0.252976
4404	-0.254032
4408	-0.255283
4412	-0.249578
4416	-0.237807
4420	-0.24413
4424	-0.240158
4428	-0.243499
4432	-0.241641
4436	-0.236308
4440	-0.23016
4444	-0.234643
4448	-0.239854
4452	-0.223142
4456	-0.215667
4460	-0.224988
4464	-0.220399
4468	-0.210178
4472	-0.222732
4476	-0.210888
4480	-0.214013
4484	-0.22171
4488	-0.211395
4492	-0.198409
4496	-0.206466
4500	-0.201229
4504	-0.198613
4508	-0.194266
4512	-0.179442
4516	-0.186726
4520	-0.181608
4524	-0.189216
4528	-0.181258
4532	-0.171608
4536	-0.175157
4540	-0.167774
4544	-0.156541
4548	-0.155339
4552	-0.152642
4556	-0.145936
4560	-0.138038
4564	-0.146348
4568	-0.147487
4572	-0.135892
4576	-0.135096
4580	-0.134574
4584	-0.109943
4588	-0.112468
4592	-0.115627
4596	-0.112533
4600	-0.0984322
4604	-0.108042
4608	-0.0993751
4612	-0.0939602
4616	-0.0880413
4620	-0.0771488
4624	-0.0685772
4628	-0.0688648
4632	-0.0708361
4636	-0.0645175
4640	-0.0741892
4644	-0.0832054
4648	-0.103081
4652	-0.124486
4656	-0.13972
4660	-0.152953
4664	-0.152639
4668	-0.15855
4672	-0.150289
4676	-0.147592
4680	-0.15014
4684	-0.146826
4688	-0.138465
4692	-0.140133
4696	-0.137591
4700	-0.12238
4704	-0.126424
4708	-0.11224
4712	-0.11069
4716	-0.1097
4720	-0.0999896
4724	-0.10546
4728	-0.110037
4732	-0.0973813
4736	-0.0958125
4740	-0.0877294
4744	-0.0872186
4748	-0.0649998
4752	-0.0756386
4756	-0.0592999
4760	-0.0634325
4764	-0.059211
4768	-0.0523196
4772	-0.0405469
4776	-0.0437901
4780	-0.0347535
4784	-0.0281158
4788	-0.0299119
4792	-0.0286438
4796	-0.0164931
4800	-0.0159664
4804	-0.00985177
4808	-0.000786324
4812	-0.00294039
4816	0.0102884
4820	0.0115224
4824	0.0217475
4828	0.0262117
4832	0.0333262
4836	0.0455059
4840	0.0425651
4844	0.0483373
4848	0.0583769
4852	0.0638889
4856	0.0653597
4860	0.0767181
4864	0.0850932
4868	0.0887879
4872	0.0945629
4876	0.103784
4880	0.108056
4884	0.110794
4888	0.126502
4892	0.127543
4896	0.133076
4900	0.143009
4904	0.14567
4908	0.155995
4912	0.168873
4916	0.16841
4920	0.175566
4924	0.187543
4928	0.197952
4932	0.2022
4936	0.210935
4940	0.217468
4944	0.226443
4948	0.241158
4952	0.251442
4956	0.25126
4960	0.26597
4964	0.269742
4968	0.281344
4972	0.293068
4976	0.299768
4980	0.310484
4984	0.320145
4988	0.326994
4992	0.340945
4996	0.345562
5000	0.358485
5004	0.367674
5008	0.378687
5012	0.389547
5016	0.401819
5020	0.4112
5024	0.423342
5028	0.433166
5032	0.44465
5036	0.45694
5040	0.468953
5044	0.483183
5048	0.49254
5052	0.50764
5056	0.519206
5060	0.532963
5064	0.547642
5068	0.562286
5072	0.575561
5076	0.589213
5080	0.605427
5084	0.620606
5088	0.634854
5092	0.649224
5096	0.665681
5100	0.681677
5104	0.697617
5108	0.710705
5112	0.726562
5116	0.737973
5120	0.744611
5124	0.750446
5128	0.751368
5132	0.751588
5136	0.749497
5140	0.748906
5144	0.753111
5148	0.76004
5152	0.770599
5156	0.781534
5160	0.788778
5164	0.78658
5168	0.768954
5172	0.734516
5176	0.680347
5180	0.608816
5184	0.528015
5188	0.447074
5192	0.369931
5196	0.294593
5200	0.215236
5204	0.141901
5208	0.0714932
5212	-0.0060003
5216	-0.092037
5220	-0.190444
5224	-0.318801
5228	-0.472943
5232	-0.585723
5236	-0.608897
5240	-0.641847
5244	-0.649604
5248	-0.647299
5252	-0.676188
5256	-0.638933
5260	-0.662678
5264	-0.663233
5268	-0.630612
5272	-0.677918
5276	-0.657714
5280	-0.6808
5284	-0.678493
5288	-0.673915
5292	-0.648491
5296	-0.6808
5300	-0.684867
5304	-0.67677
5308	-0.687795
5312	-0.699711
5316	-0.691928
5320	-0.699107
5324	-0.716961
5328	-0.691336
5332	-0.697301
5336	-0.728424
5340	-0.716961
5344	-0.71759
5348	-0.731663
5352	-0.753666
5356	-0.773251
5360	-0.766154
5364	-0.776843
5368	-0.816867
5372	-0.766154
5376	-0.769688
5380	-0.804391
5384	-0.761951
5388	-0.776122
5392	-0.766859
5396	-0.808251
5400	-0.785587
5404	-0.779738
5408	-0.784118
5412	-0.77111
5416	-0.768979
5420	-0.801327
5424	-0.818452
5428	-0.776843
5432	-0.804391
5436	-0.82244
5440	-0.776122
5444	-0.797528
5448	-0.781193
5452	-0.795264
5456	-0.792263
5460	-0.793012
5464	-0.793012
5468	-0.768979
5472	-0.745535
5476	-0.778288
5480	-0.809028
5484	-0.779013
5488	-0.785587
5492	-0.790771
5496	-0.806703
5500	-0.809028
5504	-0.774684
5508	-0.793012
5512	-0.743526
5516	-0.773251
5520	-0.828086
5524	-0.796017
5528	-0.778288
5532	-0.791517
5536	-0.808251
5540	-0.787801
5544	-0.792263
5548	-0.769688
5552	-0.779738
5556	-0.820841
5560	-0.790027
5564	-0.786324
5568	-0.785587
5572	-0.784118
5576	-0.816077
5580	-0.792263
5584	-0.77111
5588	-0.777565
5592	-0.780465
5596	-0.818452
5600	-0.767564
5604	-0.77111
5608	-0.840436
5612	-0.784852
5616	-0.82244
5620	-0.770398
5624	-0.799043
5628	-0.780465
5632	-0.794512
5636	-0.747554
5640	-0.794512
5644	-0.805931
5648	-0.799043
5652	-0.794512
5656	-0.751619
5660	-0.792263
5664	-0.781923
5668	-0.766154
5672	-0.796017
5676	-0.798285
5680	-0.824046
5684	-0.782653
5688	-0.85747
5692	-0.793012
5696	-0.764048
5700	-0.826465
5704	-0.816867
5708	-0.807477
5712	-0.808251
5716	-0.809805
5720	-0.799043
5724	-0.806703
5728	-0.788542
5732	-0.770398
5736	-0.787062
5740	-0.841272
5744	-0.800565
5748	-0.824046
5752	-0.828086
5756	-0.805931
5760	-0.815288
5764	-0.824851
5768	-0.818452
5772	-0.796772
5776	-0.815288
5780	-0.82164
5784	-0.833806
5788	-0.826465
5792	-0.84379
5796	-0.849722
5800	-0.802856
5804	-0.875198
5808	-0.863593
5812	-0.865358
5816	-0.824851
5820	-0.887123
5824	-0.848019
5828	-0.903227
5832	-0.870698
5836	-0.894627
5840	-0.907105
5844	-0.916953
5848	-0.898428
5852	-0.93319
5856	-0.960943
5860	-0.921962
5864	-0.931127
5868	-0.953295
5872	-0.997731
5876	-1.00014
5880	-1.0693
5884	-1.04057
5888	-1.05129
5892	-1.04589
5896	-1.06789
5900	-1.0693
5904	-1.0353
5908	-1.04858
5912	-1.03661
5916	-1.05265
5920	-1.07643
5924	-1.08809
5928	-1.07214
5932	-1.08515
5936	-1.05538
5940	-1.08957
5944	-1.06648
5948	-1.0693
5952	-1.01736
5956	-1.05265
5960	-1.05951
5964	-1.02496
5968	-1.08809
5972	-1.11869
5976	-1.07214
5980	-1.03924
5984	-1.04189
5988	-1.05813
5992	-1.08662
5996	-1.05813
6000	-1.03924
6004	-1.0301
6008	-1.02496
6012	-1.08368
6016	-1.05401
6020	-1.00256
6024	-1.00256
6028	-1.03269
6032	-1.04724
6036	-1.08515
6040	-1.04858
6044	-1.05951
6048	-1.05401
6052	-1.0693
6056	-1.05675
6060	-1.0301
6064	-1.06508
6068	-1.02496
6072	-1.03793
6076	-1.07357
6080	-1.08368
6084	-1.02369
6088	-1.05265
6092	-1.01862
6096	-1.04322
6100	-1.05129
6104	-1.04589
6108	-0.965375
6112	-1.01486
6116	-1.02369
6120	-1.04858
6124	-1.09404
6128	-1.075
6132	-1.05951
6136	-1.01486
6140	-1.05813
6144	-1.02369
6148	-1.08222
6152	-1.0301
6156	-1.06648
6160	-1.03924
6164	-1.01988
6168	-1.04322
6172	-1.05813
6176	-1.01113
6180	-1.0353
6184	-1.04858
6188	-1.05813
6192	-1.04322
6196	-1.07072
6200	-1.02752
6204	-1.09856
6208	-1.00014
6212	-1.09255
6216	-1.03269
6220	-1.01237
6224	-1.04456
6228	-1.02369
6232	-1.01736
6236	-1.01862
6240	-1.02369
6244	-1.09554
6248	-1.02624
6252	-1.05401
6256	-1.00621
6260	-1.0353
6264	-1.0099
6268	-1.0301
6272	-1.04993
6276	-1.02241
6280	-1.0609
6284	-1.05813
6288	-1.04858
6292	-1.02752
6296	-1.07072
6300	-1.0609
6304	-1.08077
6308	-1.01361
6312	-1.04724
6316	-1.01361
6320	-1.01486
6324	-1.06648
6328	-1.04589
6332	-1.02496
6336	-1.04322
6340	-1.0353
6344	-1.03269
6348	-1.05401
6352	-1.02369
6356	-1.05675
6360	-1.02881
6364	-1.034
6368	-1.03924
6372	-1.04322
6376	-1.08809
6380	-1.0693
6384	-1.034
6388	-1.05951
6392	-0.996533
6396	-1.04322
6400	-0.997731
6404	-1.01361
6408	-1.0301
6412	-1.0353
6416	-0.989413
6420	-1.04322
6424	-1.01862
6428	-1.02752
6432	-1.00377
6436	-1.0301
6440	-1.01361
6444	-1.02241
6448	-0.981252
6452	-1.02624
6456	-1.1482
6460	-0.992958
6464	-1.03793
6468	-1.00377
6472	-1.04322
6476	-1.02881
6480	-1.0609
6484	-1.07357
6488	-0.985897
6492	-1.04589
6496	-1.03269
6500	-1.00014
6504	-1.02752
6508	-0.994147
6512	-1.0301
6516	-1.01361
6520	-1.04057
6524	-0.984731
6528	-1.07072
6532	-1.01611
6536	-1.04589
6540	-0.996533
6544	-1.01988
6548	-1.01862
6552	-1.04858
6556	-1.01237
6560	-1.02496
6564	-1.0609
6568	-1.05538
6572	-1.05951
6576	-1.04858
6580	-1.0353
6584	-1.01113
6588	-0.978948
6592	-1.04189
6596	-1.04057
6600	-1.01113
6604	-1.00256
6608	-1.02241
6612	-1.00256
6616	-1.0099
6620	-0.978948
6624	-1.04589
6628	-1.02115
6632	-1.01736
6636	-1.01988
6640	-1.0301
6644	-1.00621
6648	-1.01736
6652	-1.02752
6656	-1.00135
6660	-1.01486
6664	-1.04589
6668	-1.02115
6672	-1.02881
6676	-0.994147
6680	-1.01486
6684	-1.0301
6688	-1.04322
6692	-1.02115
6696	-1.02624
6700	-1.0353
6704	-1.03661
6708	-1.02496
6712	-1.09856
6716	-1.01237
6720	-1.02881
6724	-0.982408
6728	-1.0693
6732	-0.994147
6736	-1.05265
6740	-1.05813
6744	-1.02624
6748	-1.02496
6752	-1.01988
6756	-1.02369
6760	-0.991773
6764	-0.998932
6768	-0.992958
6772	-1.03139
6776	-1.04456
6780	-1.02369
6784	-1.02369
6788	-1.034
6792	-1.00621
6796	-1.05129
6800	-0.981252
6804	-1.00377
6808	-1.00377
6812	-1.06228
6816	-1.00135
6820	-1.05951
6824	-0.998932
6828	-1.03139
6832	-1.01611
6836	-1.01237
6840	-0.969852
6844	-1.04057
6848	-1.00256
6852	-1.04189
6856	-0.988238
6860	-1.04322
6864	-1.04589
6868	-1.00499
6872	-1.01736
6876	-0.996533
6880	-1.03269
6884	-1.05129
6888	-1.01113
6892	-1.04189
6896	-1.06228
6900	-0.996533
6904	-1.05538
6908	-1.03924
6912	-1.04724
6916	-1.03269
6920	-1.06648
6924	-0.969852
6928	-1.02752
6932	-0.990592
6936	-0.994147
6940	-1.02624
6944	-1.00744
6948	-1.05538
6952	-1.03139
6956	-1.04858
6960	-1.02752
6964	-1.01361
6968	-1.00377
6972	-1.05675
6976	-1.01862
6980	-1.00621
6984	-1.03269
6988	-1.04189
6992	-1.03139
6996	-0.981252
7000	-1.00135
7004	-1.01361
7008	-1.01237
7012	-0.960943
7016	-1.03661
7020	-1.01113
7024	-1.01361
7028	-1.04057
7032	-1.03661
7036	-1.02752
7040	-1.03139
7044	-1.03793
7048	-1.01361
7052	-1.01486
7056	-1.0301
7060	-0.967608
7064	-1.00256
7068	-1.05129
7072	-1.04724
7076	-1.00135
7080	-1.02881
7084	-1.05675
7088	-1.0099
7092	-1.01361
7096	-1.01361
7100	-1.02496
7104	-0.989413
7108	-0.984731
7112	-1.02115
7116	-1.00499
7120	-1.04724
7124	-1.02241
7128	-1.02624
7132	-0.995338
7136	-1.01113
7140	-1.05265
7144	-1.0353
7148	-0.983568
7152	-0.982408
7156	-1.03661
7160	-0.994147
7164	-0.983568
7168	-1.00744
7172	-1.01736
7176	-1.00499
7180	-1.01862
7184	-1.01113
7188	-0.994147
7192	-1.04322
7196	-1.02241
7200	-0.996533
7204	-1.0099
7208	-0.994147
7212	-1.01736
7216	-0.996533
7220	-0.983568
7224	-1.00621
7228	-1.03924
7232	-0.984731
7236	-1.03924
7240	-0.988238
7244	-1.04322
7248	-1.04993
7252	-1.05265
7256	-1.04189
7260	-1.04993
7264	-1.01988
7268	-1.00621
7272	-1.03661
7276	-1.01237
7280	-1.02115
7284	-1.00499
7288	-1.01113
7292	-0.982408
7296	-1.05538
7300	-1.02881
7304	-1.03139
7308	-1.00744
7312	-1.00014
7316	-1.05813
7320	-1.04858
7324	-0.989413
7328	-1.02241
7332	-1.04456
7336	-1.04057
7340	-0.973241
7344	-1.07072
7348	-1.0301
7352	-1.09106
7356	-1.06368
7360	-1.02369
7364	-1.06648
7368	-1.04322
7372	-1.08368
7376	-1.05813
7380	-1.01113
7384	-1.05129
7388	-1.01237
7392	-1.08515
7396	-1.09404
7400	-1.10619
7404	-1.04322
7408	-1.03269
7412	-1.0693
7416	-1.09554
7420	-1.08077
7424	-1.09554
7428	-1.10312
7432	-1.09106
7436	-1.08077
7440	-1.09106
7444	-1.07357
7448	-1.10159
7452	-1.04456
7456	-1.034
7460	-1.10312
7464	-1.08957
7468	-1.13648
7472	-1.10312
7476	-1.13484
7480	-1.07787
7484	-1.08957
7488	-1.15161
7492	-1.12347
7496	-1.10928
