0	0
4	0
8	0
12	0
16	0
20	0
24	0
28	0.30103
32	0
36	0
40	0.30103
44	0.30103
48	0
52	0.30103
56	0
60	0
64	0
68	0
72	0
76	0
80	0
84	0
88	0
92	0
96	0
100	0
104	0
108	0
112	0.30103
116	0
120	0
124	0
128	0
132	0.60206
136	2.15229
140	3.05461
144	3.80127
148	4.2072
152	4.35044
156	4.36037
160	4.36421
164	4.35965
168	4.33155
172	4.29535
176	4.26416
180	4.23391
184	4.2078
188	4.17009
192	4.14576
196	4.10599
200	4.07518
204	4.04131
208	4.0187
212	3.98972
216	3.96152
220	3.92809
224	3.88953
228	3.86806
232	3.83872
236	3.84448
240	3.7767
244	3.75982
248	3.72444
252	3.71966
256	3.66539
260	3.64444
264	3.63286
268	3.5966
272	3.59373
276	3.54108
280	3.5325
284	3.48316
288	3.48058
292	3.47654
296	3.42975
300	3.41764
304	3.3813
308	3.37365
312	3.33203
316	3.31133
320	3.30621
324	3.27277
328	3.25382
332	3.22479
336	3.24944
340	3.2079
344	3.1685
348	3.21801
352	3.18184
356	3.10312
360	3.10653
364	3.09342
368	3.0983
372	3.02857
376	2.97864
380	3.00775
384	3.01787
388	2.96473
392	3.0086
396	2.9619
400	2.94645
404	2.89873
408	2.93551
412	2.92428
416	2.87852
420	2.90091
424	2.84757
428	2.88874
432	2.86094
436	2.88081
440	2.78247
444	2.84261
448	2.79099
452	2.75435
456	2.8169
460	2.81291
464	2.80346
468	2.80209
472	2.78533
476	2.81023
480	2.78958
484	2.70415
488	2.72754
492	2.75282
496	2.734
500	2.72099
504	2.7679
508	2.82217
512	2.90634
516	2.68305
520	2.72754
524	2.74819
528	2.74663
532	2.71933
536	2.72754
540	2.74663
544	2.72263
548	2.6721
552	2.70243
556	2.72263
560	2.69897
564	2.72916
568	2.71433
572	2.71767
576	2.66276
580	2.77525
584	2.77815
588	2.72591
592	2.70415
596	2.70927
600	2.70243
604	2.74974
608	2.85003
612	2.74663
616	2.72263
620	2.71096
624	2.68485
628	2.72916
632	2.71265
636	2.69197
640	2.72099
644	2.70243
648	2.70415
652	2.716
656	2.70586
660	2.73239
664	2.72263
668	2.69723
672	2.68485
676	2.72428
680	2.68124
684	2.69197
688	2.68664
692	2.71096
696	2.6902
700	2.6902
704	2.65706
708	2.72263
712	2.73878
716	2.66087
720	2.65896
724	2.68664
728	2.69197
732	2.67761
736	2.66464
740	2.70586
744	2.67394
748	2.70927
752	2.65321
756	2.68842
760	2.65128
764	2.71096
768	2.70243
772	2.67394
776	2.63749
780	2.67578
784	2.6902
788	2.617
792	2.68842
796	2.67943
800	2.65321
804	2.64738
808	2.66464
812	2.64345
816	2.62941
820	2.65896
824	2.67761
828	2.59988
832	2.63347
836	2.71767
840	2.63949
844	2.68124
848	2.61278
852	2.6149
856	2.62531
860	2.67943
864	2.64738
868	2.63347
872	2.58659
876	2.6149
880	2.62941
884	2.6149
888	2.63548
892	2.62325
896	2.62737
900	2.60423
904	2.65706
908	2.71433
912	2.64542
916	2.66464
920	2.62118
924	2.61278
928	2.5977
932	2.57978
936	2.60423
940	2.59988
944	2.65514
948	2.65706
952	2.6149
956	2.53908
960	2.5682
964	2.59988
968	2.62531
972	2.57287
976	2.60206
980	2.49969
984	2.5611
988	2.54654
992	2.59329
996	2.52114
1000	2.61909
1004	2.5611
1008	2.59329
1012	2.61278
1016	2.55871
1020	2.53148
1024	2.5682
1028	2.52892
1032	2.51587
1036	2.6149
1040	2.43457
1044	2.53656
1048	2.57054
1052	2.53403
1056	2.52114
1060	2.48855
1064	2.52634
1068	2.52892
1072	2.47129
1076	2.51587
1080	2.50243
1084	2.51322
1088	2.50515
1092	2.54158
1096	2.54407
1100	2.4624
1104	2.54158
1108	2.48287
1112	2.45025
1116	2.45939
1120	2.53656
1124	2.39445
1128	2.43775
1132	2.43775
1136	2.47712
1140	2.44091
1144	2.4216
1148	2.43136
1152	2.48001
1156	2.49415
1160	2.4216
1164	2.40483
1168	2.42488
1172	2.52634
1176	2.39794
1180	2.44404
1184	2.46538
1188	2.53148
1192	2.43136
1196	2.44716
1200	2.48855
1204	2.50786
1208	2.4216
1212	2.41162
1216	2.48572
1220	2.44404
1224	2.41497
1228	2.45025
1232	2.45939
1236	2.49136
1240	2.41162
1244	2.37658
1248	2.33041
1252	2.43136
1256	2.27875
1260	2.44091
1264	2.45025
1268	2.38739
1272	2.41162
1276	2.32222
1280	2.33846
1284	2.38021
1288	2.33445
1292	2.42813
1296	2.39794
1300	2.2833
1304	2.33445
1308	2.32634
1312	2.29226
1316	2.20952
1320	2.26007
1324	2.27875
1328	2.26007
1332	2.32222
1336	2.20412
1340	2.26951
1344	2.19312
1348	2.18752
1352	2.03342
1356	2.1271
1360	2.19312
1364	2.0569
1368	2.17026
1372	2.19312
1376	2.08636
1380	2.22011
1384	2.15836
1388	2.04922
1392	2.04922
1396	2.07918
1400	2.03342
1404	1.98227
1408	2.10037
1412	2
1416	1.91381
1420	2.02531
1424	1.91381
1428	1.9345
1432	1.98227
1436	1.96379
1440	1.92428
1444	1.94448
1448	1.85733
1452	1.92428
1456	2.6902
1460	3.19312
1464	1.92428
1468	1.85733
1472	1.79239
1476	1.77815
1480	1.77815
1484	1.81954
1488	1.76343
1492	1.77815
1496	1.69897
1500	1.57978
1504	1.66276
1508	1.716
1512	1.73239
1516	1.76343
1520	2.8739
1524	3.37912
1528	1.74819
1532	1.60206
1536	1.64345
1540	1.5563
1544	1.50515
1548	1.30103
1552	1.50515
1556	1.60206
1560	1.53148
1564	1.53148
1568	1.38021
1572	1.20412
1576	1.34242
1580	1.5563
1584	1.20412
1588	1.41497
1592	1.50515
1596	1.25527
1600	1.25527
1604	1.34242
1608	1.20412
1612	1.20412
1616	1.14613
1620	1.25527
1624	1.14613
1628	1.30103
1632	1.20412
1636	1.20412
1640	1
1644	0.90309
1648	1.07918
1652	0.30103
1656	1.20412
1660	1.30103
1664	0.90309
1668	1.25527
1672	0.90309
1676	1.34242
1680	1.07918
1684	1
1688	0.778151
1692	1.14613
1696	1
1700	0.778151
1704	1.14613
1708	0.778151
1712	1
1716	0.778151
1720	0.30103
1724	1
1728	1.41497
1732	0.778151
1736	0.90309
1740	1.14613
1744	0.778151
1748	1.14613
1752	0.778151
1756	1
1760	0.60206
1764	1.62325
1768	0.60206
1772	0.60206
1776	0.60206
1780	0.60206
1784	1
1788	0.90309
1792	0.778151
1796	0.778151
1800	0.778151
1804	0.90309
1808	0
1812	0
1816	0
1820	0
1824	0
1828	0.30103
1832	0.60206
1836	0.90309
1840	0
1844	0.90309
1848	0.60206
1852	0.30103
1856	0.778151
1860	0.30103
1864	0.60206
1868	0.30103
1872	0
1876	0.60206
1880	0.30103
1884	0.30103
1888	0.30103
1892	0.30103
1896	0
1900	0.30103
1904	0.30103
1908	0
1912	0.90309
1916	0.60206
1920	0.90309
1924	0.778151
1928	0.30103
1932	0
1936	0.778151
1940	0
1944	0.778151
1948	0.30103
1952	0.60206
1956	0.60206
1960	0.30103
1964	0.778151
1968	0
1972	0.778151
1976	0.30103
1980	0
1984	0
1988	0.778151
1992	0.30103
1996	0.30103
2000	0.30103
2004	0
2008	0
2012	0
2016	0
2020	0
2024	0
2028	0
2032	0
2036	0
2040	0
2044	0
2048	0
2052	0
2056	0
2060	0
2064	0
2068	0.30103
2072	0
2076	0
2080	0
2084	0
2088	0
2092	0.30103
2096	0.30103
2100	0.778151
2104	0.60206
2108	0
2112	0.60206
2116	0
2120	0.60206
2124	0.30103
2128	0
2132	0
2136	0.60206
2140	0.30103
2144	0
2148	0
2152	0
2156	0.778151
2160	0
2164	0.30103
2168	0
2172	0
2176	0.60206
2180	0
2184	0.60206
2188	0.30103
2192	0
2196	0.60206
2200	1
2204	1.14613
2208	0.60206
2212	0.30103
2216	0.30103
2220	0.30103
2224	0
2228	0.30103
2232	0.60206
2236	0
2240	0
2244	0.30103
2248	0.60206
2252	0.30103
2256	0
2260	0.30103
2264	0.778151
2268	0.60206
2272	0.30103
2276	0
2280	0.60206
2284	0.90309
2288	0
2292	0
2296	0
2300	0
2304	0
2308	0.60206
2312	0.30103
2316	0
2320	0.30103
2324	0.30103
2328	0.30103
2332	0
2336	0.30103
2340	0.30103
2344	0.30103
2348	0.30103
2352	0.30103
2356	0
2360	0.30103
2364	0.30103
2368	0.60206
2372	0
2376	0.60206
2380	0
2384	0.30103
2388	0
2392	0.778151
2396	0
2400	0
2404	0
2408	0.30103
2412	0.30103
2416	0
2420	0
2424	0.30103
2428	0.60206
2432	0
2436	0
2440	0
2444	1.07918
2448	0.60206
2452	0
2456	0
2460	0
2464	0
2468	0.30103
2472	0
2476	0
2480	0.30103
2484	0
2488	0
2492	0.60206
2496	0.30103
2500	0
2504	0
2508	0
2512	0
2516	0
2520	0
2524	0
2528	0
2532	0
2536	0
2540	0
2544	0.60206
2548	0
2552	0
2556	0
2560	0
2564	0
2568	0
2572	0.30103
2576	0
2580	0
2584	0.30103
2588	0
2592	0.60206
2596	0
2600	0
2604	0
2608	0.30103
2612	1.50515
2616	0.30103
2620	0
2624	0.30103
2628	0
2632	0.30103
2636	0
2640	0
2644	0
2648	0
2652	0
2656	0
2660	0
2664	0
2668	0
2672	0.30103
2676	0
2680	0
2684	0.30103
2688	0.30103
2692	0
2696	0.30103
2700	0
2704	0.30103
2708	0.30103
2712	0
2716	0
2720	0
2724	0
2728	0.30103
2732	0
2736	0
2740	0
2744	0
2748	0.30103
2752	0
2756	0
2760	0.30103
2764	0
2768	0
2772	0
2776	0
2780	0
2784	0.30103
2788	0
2792	0.30103
2796	0
2800	0.30103
2804	0
2808	0
2812	0
2816	0
2820	0.30103
2824	0
2828	0.30103
2832	0.60206
2836	0
2840	0
2844	0
2848	0
2852	0.60206
2856	0
2860	0
2864	0
2868	0
2872	0
2876	0.30103
2880	0
2884	0.30103
2888	0
2892	0
2896	0.30103
2900	0
2904	0.30103
2908	0
2912	0
2916	0
2920	0.30103
2924	0
2928	0.60206
2932	0
2936	0.30103
2940	0
2944	0.60206
2948	0
2952	0.30103
2956	0
2960	0
2964	0.30103
2968	0.30103
2972	0
2976	0.30103
2980	0
2984	0
2988	0
2992	0
2996	0
3000	0.30103
3004	0
3008	0
3012	0
3016	0.30103
3020	0.30103
3024	0
3028	0
3032	0.30103
3036	0
3040	0
3044	0
3048	0
3052	0.30103
3056	0
3060	0
3064	0
3068	0
3072	0
3076	0
3080	0.30103
3084	0
3088	0
3092	0
3096	0
3100	0.30103
3104	0
3108	0
3112	0
3116	0.30103
3120	0
3124	0
3128	0
3132	0.30103
3136	0
3140	0
3144	0.60206
3148	0
3152	0.30103
3156	0
3160	0
3164	0.30103
3168	0
3172	0
3176	0
3180	0
3184	0
3188	0
3192	0
3196	0.30103
3200	0
3204	0
3208	0.30103
3212	0.30103
3216	0.30103
3220	0
3224	0
3228	0
3232	0
3236	0.30103
3240	0
3244	0
3248	0.30103
3252	0.30103
3256	0
3260	0
3264	0
3268	0.30103
3272	0
3276	0
3280	0
3284	0.30103
3288	0.30103
3292	0.30103
3296	0.60206
3300	0
3304	0
3308	0
3312	0
3316	0
3320	0
3324	0.60206
3328	0
3332	0
3336	0
3340	0
3344	0.30103
3348	0.30103
3352	0.60206
3356	0.30103
3360	0
3364	0
3368	0.30103
3372	0
3376	0.30103
3380	0
3384	0.30103
3388	0
3392	0.30103
3396	0
3400	0
3404	0
3408	0.30103
3412	0.30103
3416	0
3420	0
3424	0.60206
3428	0
3432	0
3436	0.30103
3440	0
3444	0.30103
3448	0
3452	0
3456	0
3460	0
3464	0
3468	0.30103
3472	0.30103
3476	0
3480	0
3484	0.30103
3488	0.30103
3492	0
3496	0.30103
3500	0
3504	0.60206
3508	0
3512	0
3516	0.30103
3520	0.30103
3524	0
3528	0.30103
3532	0
3536	0
3540	0
3544	0.30103
3548	0.30103
3552	0
3556	0
3560	0.60206
3564	0
3568	0
3572	0
3576	0.30103
3580	0
3584	0
3588	0.30103
3592	0.778151
3596	0
3600	0.30103
3604	0
3608	0.60206
3612	0
3616	0.60206
3620	0
3624	0.30103
3628	0.30103
3632	0
3636	0.30103
3640	0
3644	0
3648	0
3652	0.30103
3656	0
3660	0.30103
3664	1
3668	0
3672	0
3676	0.30103
3680	0
3684	0
3688	0.30103
3692	0
3696	0.30103
3700	0.60206
3704	0
3708	0.30103
3712	0
3716	0
3720	0
3724	0
3728	0.30103
3732	0
3736	0
3740	0.60206
3744	0
3748	0
3752	0.30103
3756	0
3760	0
3764	0.60206
3768	0.30103
3772	0.30103
3776	0.60206
3780	0.30103
3784	0.30103
3788	0
3792	0
3796	0.60206
3800	0
3804	0
3808	0.30103
3812	0.60206
3816	0
3820	0
3824	0.60206
3828	0
3832	0.30103
3836	0.30103
3840	0
3844	0
3848	0
3852	0
3856	0
3860	0
3864	0
3868	0
3872	0.60206
3876	0
3880	0.30103
3884	0
3888	0
3892	0.30103
3896	0
3900	0
3904	0
3908	0
3912	0.30103
3916	0.30103
3920	0.30103
3924	0
3928	0
3932	0
3936	0
3940	0.60206
3944	0
3948	0.60206
3952	0
3956	0.60206
3960	0
3964	0.60206
3968	0
3972	0.30103
3976	0
3980	0
3984	0.778151
3988	0
3992	0.778151
3996	0
4000	0
4004	0
4008	0.60206
4012	0
4016	0
4020	0.30103
4024	0.60206
4028	0.60206
4032	0.30103
4036	0
4040	0
4044	0
4048	0
4052	0
4056	0.30103
4060	0
4064	0
4068	0
4072	0.30103
4076	0
4080	0
4084	0
4088	0
4092	0
4096	0.30103
4100	0
4104	0
4108	0
4112	0
4116	0
4120	0
4124	0
4128	0
4132	0.30103
4136	0
4140	0
4144	0.30103
4148	0
4152	0
4156	0.30103
4160	0
4164	0.30103
4168	0
4172	0.30103
4176	0
4180	0.30103
4184	0
4188	0
4192	0
4196	0
4200	0
4204	0
4208	0.60206
4212	0
4216	0
4220	0.30103
4224	0
4228	0.60206
4232	0.30103
4236	0.30103
4240	0.60206
4244	0.30103
4248	0.30103
4252	0.60206
4256	0
4260	0
4264	0.30103
4268	0.30103
4272	0
4276	0
4280	0
4284	0.60206
4288	0
4292	0.30103
4296	0.30103
4300	0
4304	0.60206
4308	0.30103
4312	0.30103
4316	0
4320	0.778151
4324	0
4328	0
4332	0.30103
4336	0
4340	0.30103
4344	0.30103
4348	0.778151
4352	0.30103
4356	0
4360	0.30103
4364	0
4368	0
4372	0
4376	0
4380	0
4384	0.30103
4388	0
4392	0.60206
4396	0.30103
4400	0.30103
4404	0.30103
4408	0.30103
4412	0.30103
4416	0.30103
4420	0.60206
4424	0
4428	0.30103
4432	0.30103
4436	0.30103
4440	0.30103
4444	0
4448	0
4452	0.30103
4456	0.30103
4460	0
4464	0
4468	0
4472	0.60206
4476	0.30103
4480	0
4484	0.30103
4488	0
4492	0
4496	0
4500	0
4504	0
4508	0
4512	0.30103
4516	0
4520	0.60206
4524	0
4528	0.60206
4532	0
4536	0.30103
4540	0.60206
4544	0.30103
4548	0.30103
4552	0
4556	0.30103
4560	0.30103
4564	0
4568	0
4572	0.60206
4576	0.60206
4580	0.60206
4584	0.60206
4588	0
4592	0.30103
4596	0.30103
4600	0.30103
4604	0.30103
4608	0.60206
4612	0.60206
4616	0
4620	0.30103
4624	0.60206
4628	0.60206
4632	0
4636	0
4640	0.30103
4644	0
4648	0.60206
4652	0.30103
4656	0
4660	0.30103
4664	0.30103
4668	0.60206
4672	0.30103
4676	0.60206
4680	0
4684	0
4688	0.30103
4692	0
4696	0.30103
4700	0.60206
4704	0.30103
4708	0.30103
4712	0
4716	1
4720	0.30103
4724	0.30103
4728	0
4732	0.778151
4736	0
4740	0.60206
4744	0.90309
4748	0.60206
4752	0
4756	0
4760	0
4764	0.778151
4768	0.90309
4772	0.90309
4776	0.60206
4780	0
4784	0
4788	0
4792	0.30103
4796	0.60206
4800	0
4804	0.778151
4808	0.778151
4812	0.60206
4816	0.30103
4820	0
4824	0
4828	0
4832	0.30103
4836	0.30103
4840	0.60206
4844	0.778151
4848	0.30103
4852	0
4856	0.778151
4860	0.778151
4864	0.60206
4868	0.30103
4872	0.778151
4876	0.60206
4880	0.90309
4884	0.90309
4888	0.60206
4892	0.90309
4896	0
4900	0.778151
4904	0.90309
4908	0
4912	0.30103
4916	0.778151
4920	0
4924	0
4928	0.60206
4932	0.90309
4936	0.60206
4940	0
4944	0.90309
4948	0.30103
4952	0.30103
4956	0.90309
4960	0.90309
4964	1
4968	0.60206
4972	0.30103
4976	1
4980	0.60206
4984	0.778151
4988	0.60206
4992	0.90309
4996	0.90309
5000	0.60206
5004	0.778151
5008	1
5012	1
5016	0.30103
5020	0.778151
5024	0.778151
5028	0
5032	0.60206
5036	1
5040	0.778151
5044	0.60206
5048	0.90309
5052	0.778151
5056	0
5060	1.14613
5064	1.07918
5068	0.778151
5072	0.60206
5076	0.30103
5080	0.90309
5084	1.14613
5088	0.778151
5092	1
5096	1.07918
5100	0.90309
5104	1.20412
5108	1.07918
5112	1.07918
5116	1.14613
5120	1.41497
5124	0.778151
5128	0.778151
5132	1.25527
5136	1
5140	1.20412
5144	1.38021
5148	1.38021
5152	1.14613
5156	1
5160	1.34242
5164	1.14613
5168	1.07918
5172	1.07918
5176	1
5180	1.14613
5184	1.14613
5188	1.20412
5192	1.20412
5196	0.60206
5200	0.30103
5204	0.30103
5208	0
5212	0.30103
5216	0.778151
5220	0
5224	0
5228	0
5232	0
5236	0
5240	0
5244	0
5248	0
5252	0.30103
5256	0.30103
5260	0.30103
5264	0
5268	0
5272	0
5276	0
5280	0
5284	0
5288	0
5292	0
5296	0
5300	0
5304	0
5308	0
5312	0
5316	0
5320	0
5324	0
5328	0
5332	0
5336	0
5340	0
5344	0
5348	0
5352	0
5356	0
5360	0
5364	0
5368	0
5372	0
5376	0
5380	0
5384	0
5388	0
5392	0
5396	0
5400	0
5404	0
5408	0
5412	0
5416	0
5420	0
5424	0
5428	0
5432	0
5436	0
5440	0
5444	0
5448	0
5452	0
5456	0
5460	0
5464	0
5468	0
5472	0
5476	0
5480	0
5484	0
5488	0
5492	0
5496	0
5500	0
5504	0
5508	0
5512	0
5516	0
5520	0
5524	0
5528	0
5532	0
5536	0
5540	0
5544	0
5548	0
5552	0
5556	0
5560	0
5564	0
5568	0
5572	0
5576	0
5580	0
5584	0
5588	0
5592	0
5596	0
5600	0
5604	0
5608	0
5612	0
5616	0
5620	0
5624	0
5628	0
5632	0
5636	0
5640	0
5644	0
5648	0
5652	0
5656	0
5660	0
5664	0
5668	0
5672	0
5676	0
5680	0
5684	0
5688	0
5692	0
5696	0
5700	0
5704	0
5708	0
5712	0
5716	0
5720	0
5724	0
5728	0
5732	0
5736	0
5740	0
5744	0
5748	0
5752	0
5756	0
5760	0
5764	0
5768	0
5772	0
5776	0
5780	0
5784	0
5788	0
5792	0
5796	0
5800	0
5804	0
5808	0
5812	0
5816	0
5820	0
5824	0
5828	0
5832	0
5836	0
5840	0
5844	0
5848	0
5852	0
5856	0
5860	0
5864	0
5868	0
5872	0
5876	0
5880	0
5884	0
5888	0
5892	0
5896	0
5900	0
5904	0
5908	0
5912	0
5916	0
5920	0
5924	0
5928	0
5932	0
5936	0
5940	0
5944	0
5948	0
5952	0
5956	0
5960	0
5964	0
5968	0
5972	0
5976	0
5980	0
5984	0
5988	0
5992	0
5996	0
6000	0
6004	0
6008	0
6012	0
6016	0
6020	0
6024	0
6028	0
6032	0
6036	0
6040	0
6044	0
6048	0
6052	0
6056	0
6060	0
6064	0
6068	0
6072	0
6076	0
6080	0
6084	0
6088	0
6092	0
6096	0
6100	0
6104	0
6108	0
6112	0
6116	0
6120	0
6124	0
6128	0
6132	0
6136	0
6140	0
6144	0
6148	0
6152	0
6156	0
6160	0
6164	0
6168	0
6172	0
6176	0
6180	0
6184	0
6188	0
6192	0
6196	0
6200	0
6204	0
6208	0
6212	0
6216	0
6220	0
6224	0
6228	0
6232	0
6236	0
6240	0
6244	0
6248	0
6252	0
6256	0
6260	0
6264	0
6268	0
6272	0
6276	0
6280	0
6284	0
6288	0
6292	0
6296	0
6300	0
6304	0
6308	0
6312	0
6316	0
6320	0
6324	0
6328	0
6332	0
6336	0
6340	0
6344	0
6348	0
6352	0
6356	0
6360	0
6364	0
6368	0
6372	0
6376	0
6380	0
6384	0
6388	0
6392	0
6396	0
6400	0
6404	0
6408	0
6412	0
6416	0
6420	0
6424	0
6428	0
6432	0
6436	0
6440	0
6444	0
6448	0
6452	0
6456	0
6460	0
6464	0
6468	0
6472	0
6476	0
6480	0
6484	0
6488	0
6492	0
6496	0
6500	0
6504	0
6508	0
6512	0
6516	0
6520	0
6524	0
6528	0
6532	0
6536	0
6540	0
6544	0
6548	0
6552	0
6556	0
6560	0
6564	0
6568	0
6572	0
6576	0
6580	0
6584	0
6588	0
6592	0
6596	0
6600	0
6604	0
6608	0
6612	0
6616	0
6620	0
6624	0
6628	0
6632	0
6636	0
6640	0
6644	0
6648	0
6652	0
6656	0
6660	0
6664
