0	-10
4	-10
8	-10
12	-10
16	2.28264
20	3.30554
24	3.34104
28	3.33885
32	3.34416
36	3.33968
40	3.33788
44	3.33293
48	3.33899
52	3.35379
56	3.40788
60	3.47588
64	3.5436
68	3.62976
72	4.07183
76	3.72874
80	3.62189
84	3.8648
88	3.66552
92	3.59593
96	3.61867
100	3.64133
104	3.66139
108	3.68097
112	3.69549
116	3.70752
120	3.7139
124	3.71958
128	3.71981
132	3.71704
136	3.71407
140	3.71169
144	3.70675
148	3.7028
152	3.69741
156	3.6897
160	3.68685
164	3.68183
168	3.67827
172	3.68587
176	3.70809
180	3.71404
184	3.71035
188	3.69884
192	3.68506
196	3.66833
200	3.65619
204	3.64979
208	3.64771
212	3.63082
216	3.61708
220	3.59962
224	3.58399
228	3.56823
232	3.55384
236	3.54086
240	3.52189
244	3.50851
248	3.49438
252	3.4816
256	3.47028
260	3.45686
264	3.44544
268	3.43206
272	3.42601
276	3.41516
280	3.40563
284	3.39427
288	3.38433
292	3.37632
296	3.36966
300	3.3609
304	3.35691
308	3.34741
312	3.34379
316	3.33724
320	3.33439
324	3.32795
328	3.32248
332	3.31895
336	3.31788
340	3.31689
344	3.3152
348	3.31393
352	3.31233
356	3.3108
360	3.31126
364	3.31429
368	3.31193
372	3.31334
376	3.31802
380	3.32068
384	3.31616
388	3.30302
392	3.26343
396	3.22009
400	3.20055
404	3.18666
408	3.17567
412	3.16161
416	3.14919
420	3.14371
424	3.13162
428	3.12422
432	3.1164
436	3.1028
440	3.09789
444	3.08746
448	3.08235
452	3.06642
456	3.06109
460	3.04941
464	3.0418
468	3.03175
472	3.02698
476	3.00352
480	2.99649
484	2.98974
488	2.98416
492	2.97788
496	2.97426
500	2.96629
504	2.95401
508	2.97234
512	2.94281
516	2.92822
520	2.92037
524	2.91721
528	2.91096
532	2.90211
536	2.89876
540	2.88511
544	2.88074
548	2.88143
552	2.89223
556	2.89276
560	2.87908
564	3.54198
568	4.54329
572	3.00704
576	2.65988
580	2.80921
584	3.13583
588	2.64943
592	2.64372
596	2.63905
600	2.63314
604	2.63898
608	2.63481
612	2.63757
616	2.63271
620	2.63035
624	2.62802
628	2.63668
632	2.65699
636	2.66008
640	2.77568
644	2.7432
648	2.63695
652	2.91622
656	3.63064
660	2.64752
664	2.59616
668	2.60515
672	2.61444
676	2.60275
680	2.60902
684	2.61357
688	2.61036
692	2.61617
696	2.61097
700	2.62084
704	2.6216
708	2.6203
712	2.62638
716	2.62777
720	2.62744
724	2.62753
728	2.6492
732	2.6389
736	2.63902
740	2.64555
744	2.6513
748	2.65181
752	2.65346
756	2.65018
760	2.65836
764	2.66154
768	2.66265
772	2.66748
776	2.67652
780	2.68842
784	2.69271
788	2.68932
792	2.69571
796	2.70375
800	2.7044
804	2.71404
808	2.72189
812	2.7266
816	2.72736
820	2.74278
824	2.74298
828	2.74897
832	2.75887
836	2.76684
840	2.77097
844	2.77337
848	2.77012
852	2.76044
856	2.70481
860	2.63823
864	2.60687
868	2.59111
872	2.57006
876	2.55961
880	2.54839
884	2.53965
888	2.53369
892	2.53322
896	2.56388
900	2.50936
904	2.49755
908	2.48719
912	2.48172
916	2.46694
920	2.45915
924	2.45105
928	2.42655
932	2.40647
936	2.38852
940	2.37147
944	2.34692
948	2.33347
952	2.31733
956	2.30108
960	2.29369
964	2.2616
968	2.26085
972	2.24665
976	2.2088
980	2.1951
984	2.18129
988	2.16007
992	2.15412
996	2.14235
1000	2.13378
1004	2.13473
1008	2.11886
1012	2.11136
1016	2.09543
1020	2.07301
1024	2.06273
1028	2.05684
1032	2.02693
1036	2.01549
1040	2.01709
1044	2.02672
1048	2.02408
1052	2.01657
1056	2.07446
1060	4.12395
1064	3.81641
1068	1.6833
1072	1.71714
1076	1.68463
1080	1.69997
1084	1.6634
1088	1.65983
1092	1.65938
1096	1.67414
1100	1.65344
1104	1.66794
1108	1.66093
1112	1.68216
1116	1.66151
1120	1.69072
1124	1.74933
1128	1.76624
1132	1.8871
1136	2.20482
1140	1.76339
1144	1.7874
1148	1.93917
1152	1.73179
1156	1.6766
1160	1.65789
1164	1.66565
1168	1.66888
1172	1.69653
1176	1.67928
1180	1.71334
1184	1.68372
1188	1.7029
1192	1.70596
1196	1.70541
1200	1.68827
1204	1.68721
1208	1.67238
1212	1.68885
1216	1.7022
1220	1.69322
1224	1.68459
1228	1.70572
1232	1.69278
1236	1.67613
1240	1.72215
1244	1.71937
1248	1.72072
1252	1.7082
1256	1.84662
1260	1.75069
1264	1.66991
1268	1.66254
1272	1.68237
1276	1.67569
1280	1.64668
1284	1.63876
1288	1.62256
1292	1.64176
1296	1.63936
1300	1.6177
1304	1.60115
1308	1.61198
1312	1.61663
1316	1.62184
1320	1.59598
1324	1.60154
1328	1.59879
1332	1.60519
1336	1.6188
1340	1.62569
1344	1.59799
1348	1.59534
1352	1.63825
1356	1.58591
1360	1.58252
1364	1.59148
1368	1.60163
1372	1.61061
1376	1.60823
1380	1.62054
1384	1.61038
1388	1.63764
1392	1.61176
1396	1.62363
1400	1.63019
1404	1.64337
1408	1.64278
1412	1.62589
1416	1.62891
1420	1.64496
1424	1.63727
1428	1.63415
1432	1.59588
1436	1.65204
1440	1.8433
1444	1.66916
1448	1.62823
1452	1.61396
1456	1.63232
1460	1.60711
1464	1.59831
1468	1.60697
1472	1.58545
1476	1.58588
1480	1.60727
1484	1.58483
1488	1.60804
1492	1.59709
1496	1.61605
1500	1.59773
1504	1.59754
1508	1.59244
1512	1.60423
1516	1.60563
1520	1.59207
1524	1.64438
1528	1.63478
1532	1.63478
1536	1.59992
1540	1.61161
1544	1.54643
1548	1.50787
1552	1.48247
1556	1.4348
1560	1.42835
1564	1.42317
1568	1.39326
1572	1.39482
1576	1.40817
1580	1.37339
1584	1.38326
1588	1.34178
1592	1.36856
1596	1.34915
1600	1.34808
1604	1.32105
1608	1.33341
1612	1.30698
1616	1.32786
1620	1.29665
1624	1.27838
1628	1.7514
1632	2.49329
1636	1.34595
1640	1.16293
1644	1.15547
1648	1.1028
1652	1.08852
1656	1.04148
1660	1.04011
1664	1.01431
1668	0.973132
1672	0.98876
1676	0.920078
1680	0.911619
1684	0.850371
1688	0.891544
1692	0.831208
1696	0.797857
1700	0.83798
1704	0.978884
1708	0.936925
1712	0.834303
1716	0.857688
1720	0.783556
1724	0.662406
1728	0.706124
1732	0.664705
1736	0.649733
1740	0.555004
1744	0.61456
1748	0.551302
1752	0.459867
1756	0.604935
1760	0.531765
1764	1.5644
1768	3.08131
1772	2.20884
1776	0.234511
1780	0.109939
1784	0.220253
1788	0.289912
1792	0.349469
1796	0.219252
1800	0.206283
1804	0.279508
1808	0.232172
1812	0.302584
1816	0.168967
1820	0.166921
1824	0.341875
1828	0.266698
1832	0.318631
1836	0.252576
1840	0.214551
1844	0.282836
1848	0.229655
1852	0.109038
1856	0.366798
1860	0.237614
1864	0.183063
1868	0.31083
1872	0.15965
1876	0.295452
1880	0.313428
1884	0.362637
1888	0.207755
1892	0.272019
1896	0.350712
1900	0.323859
1904	0.288973
1908	0.307921
1912	0.374217
1916	0.246963
1920	0.274347
1924	0.206406
1928	0.228815
1932	0.290908
1936	0.236407
1940	0.30669
1944	0.232739
1948	0.307448
1952	0.30409
1956	0.351528
1960	0.299747
1964	0.350076
1968	0.284666
1972	0.244381
1976	0.291694
1980	0.287821
1984	0.296259
1988	0.180448
1992	0.265688
1996	0.0321249
2000	0.208617
2004	0.157106
2008	0.141965
2012	0.180028
2016	0.192589
2020	0.183903
2024	0.0148613
2028	0.106603
2032	0.0498709
2036	0.0974341
2040	-0.0100422
2044	0.214515
2048	0.194116
2052	0.0389616
2056	0.105684
2060	0.0297956
2064	0.128769
2068	0.0351763
2072	0.122609
2076	0.24799
2080	-0.038347
2084	0.0588259
2088	0.0728701
2092	0.00658196
2096	-0.0013706
2100	-0.0157094
2104	0.0522941
2108	0.177279
2112	0.0769704
2116	0.00156648
2120	0.0256766
2124	-0.0204899
2128	-0.0776564
2132	0.113948
2136	0.0961902
2140	-0.00246444
2144	0.1328
2148	-0.0589245
2152	0.0368805
2156	-0.0247234
2160	-0.200899
2164	0.00302067
2168	-0.0609525
2172	-0.229343
2176	-0.189333
2180	-0.194978
2184	-0.108582
2188	-0.196328
2192	-0.186146
2196	-0.367327
2200	-0.332353
2204	-0.33182
2208	-0.339336
2212	-0.49305
2216	-0.361667
2220	-0.517808
2224	-0.598946
2228	-0.637579
2232	-0.361301
2236	-0.582238
2240	-0.509559
2244	-0.506852
2248	-0.831267
2252	-0.500505
2256	-0.506286
2260	-0.662366
2264	-0.494939
2268	-0.507019
2272	-0.86954
2276	-0.432023
2280	-0.735787
2284	-0.626212
2288	-0.57992
2292	-0.631295
2296	-0.800036
2300	-0.611912
2304	-0.757234
2308	-0.719383
2312	-1.49014
2316	-1.01048
2320	-1.08378
2324	-0.829624
2328	-0.764169
2332	-0.659044
2336	1.16919
2340	0.90288
2344	-10
2348	-10
2352	-10
2356	-10
2360	-10
2364	-10
2368	-10
2372	-10
2376	-10
2380	-10
2384	-10
2388	-10
2392	-10
2396	-10
2400	-10
2404	-10
2408	-10
2412	-10
2416	-10
2420	-10
2424	-10
2428	-10
2432	-10
2436	-10
2440	-10
2444	-10
2448	-10
2452	-10
2456	-10
2460	-10
2464	-10
2468	-10
2472	-10
2476	-10
2480	-10
2484	-10
2488	-10
2492	-10
2496	-10
2500	-10
2504	-10
2508	-10
2512	-10
2516	-10
2520	-10
2524	-10
2528	-10
2532	-10
2536	-10
2540	-10
2544	-10
2548	-10
2552	-10
2556	-10
2560	-10
2564	-10
2568	-10
2572	-10
2576	-10
2580	-10
2584	-10
2588	-10
2592	-10
2596	-10
2600	-10
2604	-10
2608	-10
2612	-10
2616	-10
2620	-10
2624	-10
2628	-10
2632	-10
2636	-10
2640	-10
2644	-10
2648	-10
2652	-10
2656	-10
2660	-10
2664	-10
2668	-10
2672	-10
2676	-10
2680	-10
2684	-10
2688	-10
2692	-10
2696	-10
2700	-10
2704	-10
2708	-10
2712	-10
2716	-10
2720	-10
2724	-10
2728	-10
2732	-10
2736	-10
2740	-10
2744	-10
2748	-10
2752	-10
2756	-10
2760	-10
2764	-10
2768	-10
2772	-10
2776	-10
2780	-10
2784	-10
2788	-10
2792	-10
2796	-10
2800	-10
2804	-10
2808	-10
2812	-10
2816	-10
2820	-10
2824	-10
2828	-10
2832	-10
2836	-10
2840	-10
2844	-10
2848	-10
2852	-10
2856	-10
2860	-10
2864	-10
2868	-10
2872	-10
2876	-10
2880	-10
2884	-10
2888	-10
2892	-10
2896	-10
2900	-10
2904	-10
2908	-10
2912	-10
2916	-10
2920	-10
2924	-10
2928	-10
2932	-10
2936	-10
2940	-10
2944	-10
2948	-10
2952	-10
2956	-10
2960	-10
2964	-10
2968	-10
2972	-10
2976	-10
2980	-10
2984	-10
2988	-10
2992	-10
2996	-10
3000	-10
3004	-10
3008	-10
3012	-10
3016	-10
3020	-10
3024	-10
3028	-10
3032	-10
3036	-10
3040	-10
3044	-10
3048	-10
3052	-10
3056	-10
3060	-10
3064	-10
3068	-10
3072	-10
3076	-10
3080	-10
3084	-10
3088	-10
3092	-10
3096	-10
3100	-10
3104	-10
3108	-10
3112	-10
3116	-10
3120	-10
3124	-10
3128	-10
3132	-10
3136	-10
3140	-10
3144	-10
3148	-10
3152	-10
3156	-10
3160	-10
3164	-10
3168	-10
3172	-10
3176	-10
3180	-10
3184	-10
3188	-10
3192	-10
3196	-10
3200	-10
3204	-10
3208	-10
3212	-10
3216	-10
3220	-10
3224	-10
3228	-10
3232	-10
3236	-10
3240	-10
3244	-10
3248	-10
3252	-10
3256	-10
3260	-10
3264	-10
3268	-10
3272	-10
3276	-10
3280	-10
3284	-10
3288	-10
3292	-10
3296	-10
3300	-10
3304	-10
3308	-10
3312	-10
3316	-10
3320	-10
3324	-10
3328	-10
3332	-10
3336	-10
3340	-10
3344	-10
3348	-10
3352	-10
3356	-10
3360	-10
3364	-10
3368	-10
3372	-10
3376	-10
3380	-10
3384	-10
3388	-10
3392	-10
3396	-10
3400	-10
3404	-10
3408	-10
3412	-10
3416	-10
3420	-10
3424	-10
3428	-10
3432	-10
3436	-10
3440	-10
3444	-10
3448	-10
3452	-10
3456	-10
3460	-10
3464	-10
3468	-10
3472	-10
3476	-10
3480	-10
3484	-10
3488	-10
3492	-10
3496	-10
3500	-10
3504	-10
3508	-10
3512	-10
3516	-10
3520	-10
3524	-10
3528	-10
3532	-10
3536	-10
3540	-10
3544	-10
3548	-10
3552	-10
3556	-10
3560	-10
3564	-10
3568	-10
3572	-10
3576	-10
3580	-10
3584	-10
3588	-10
3592	-10
3596	-10
3600	-10
3604	-10
3608	-10
3612	-10
3616	-10
3620	-10
3624	-10
3628	-10
3632	-10
3636	-10
3640	-10
3644	-10
3648	-10
3652	-10
3656	-10
3660	-10
3664	-10
3668	-10
3672	-10
3676	-10
3680	-10
3684	-10
3688	-10
3692	-10
3696	-10
3700	-10
3704	-10
3708	-10
3712	-10
3716	-10
3720	-10
3724	-10
3728	-10
3732	-10
3736	-10
3740	-10
3744	-10
3748	-10
3752	-10
3756	-10
3760	-10
3764	-10
3768	-10
3772	-10
3776	-10
3780	-10
3784	-10
3788	-10
3792	-10
3796	-10
3800	-10
3804	-10
3808	-10
3812	-10
3816	-10
3820	-10
3824	-10
3828	-10
3832	-10
3836	-10
3840	-10
3844	-10
3848	-10
3852	-10
3856	-10
3860	-10
3864	-10
3868	-10
3872	-10
3876	-10
3880	-10
3884	-10
3888	-10
3892	-10
3896	-10
3900	-10
3904	-10
3908	-10
3912	-10
3916	-10
3920	-10
3924	-10
3928	-10
3932	-10
3936	-10
3940	-10
3944	-10
3948	-10
3952	-10
3956	-10
3960	-10
3964	-10
3968	-10
3972	-10
3976	-10
3980	-10
3984	-10
3988	-10
3992	-10
3996	-10
4000	-10
4004	-10
4008	-10
4012	-10
4016	-10
4020	-10
4024	-10
4028	-10
4032	-10
4036	-10
4040	-10
4044	-10
4048	-10
4052	-10
4056	-10
4060	-10
4064	-10
4068	-10
4072	-10
4076	-10
4080	-10
4084	-10
4088	-10
4092	-10
4096	-10
4100	-10
4104	-10
4108	-10
4112	-10
4116	-10
4120	-10
4124	-10
4128	-10
4132	-10
4136	-10
4140	-10
4144	-10
4148	-10
4152	-10
4156	-10
4160	-10
4164	-10
4168	-10
4172	-10
4176	-10
4180	-10
4184	-10
4188	-10
4192	-10
4196	-10
4200	-10
4204	-10
4208	-10
4212	-10
4216	-10
4220	-10
4224	-10
4228	-10
4232	-10
4236	-10
4240	-10
4244	-10
4248	-10
4252	-10
4256	-10
4260	-10
4264	-10
4268	-10
4272	-10
4276	-10
4280	-10
4284	-10
4288	-10
4292	-10
4296	-10
4300	-10
4304	-10
4308	-10
4312	-10
4316	-10
4320	-10
4324	-10
4328	-10
4332	-10
4336	-10
4340	-10
4344	-10
4348	-10
4352	-10
4356	-10
4360	-10
4364	-10
4368	-10
4372	-10
4376	-10
4380	-10
4384	-10
4388	-10
4392	-10
4396	-10
4400	-10
4404	-10
4408	-10
4412	-10
4416	-10
4420	-10
4424	-10
4428	-10
4432	-10
4436	-10
4440	-10
4444	-10
4448	-10
4452	-10
4456	-10
4460	-10
4464	-10
4468	-10
4472	-10
4476	-10
4480	-10
4484	-10
4488	-10
4492	-10
4496	-10
4500	-10
4504	-10
4508	-10
4512	-10
4516	-10
4520	-10
4524	-10
4528	-10
4532	-10
4536	-10
4540	-10
4544	-10
4548	-10
4552	-10
4556	-10
4560	-10
4564	-10
4568	-10
4572	-10
4576	-10
4580	-10
4584	-10
4588	-10
4592	-10
4596	-10
4600	-10
4604	-10
4608	-10
4612	-10
4616	-10
4620	-10
4624	-10
4628	-10
4632	-10
4636	-10
4640	-10
4644	-10
4648	-10
4652	-10
4656	-10
4660	-10
4664	-10
4668	-10
4672	-10
4676	-10
4680	-10
4684	-10
4688	-10
4692	-10
4696	-10
4700	-10
4704	-10
4708	-10
4712	-10
4716	-10
4720	-10
4724	-10
4728	-10
4732	-10
4736	-10
4740	-10
4744	-10
4748	-10
4752	-10
4756	-10
4760	-10
4764	-10
4768	-10
4772	-10
4776	-10
4780	-10
4784	-10
4788	-10
4792	-10
4796	-10
4800	-10
4804	-10
4808	-10
4812	-10
4816	-10
4820	-10
4824	-10
4828	-10
4832	-10
4836	-10
4840	-10
4844	-10
4848	-10
4852	-10
4856	-10
4860	-10
4864	-10
4868	-10
4872	-10
4876	-10
4880	-10
4884	-10
4888	-10
4892	-10
4896	-10
4900	-10
4904	-10
4908	-10
4912	-10
4916	-10
4920	-10
4924	-10
4928	-10
4932	-10
4936	-10
4940	-10
4944	-10
4948	-10
4952	-10
4956	-10
4960	-10
4964	-10
4968	-10
4972	-10
4976	-10
4980	-10
4984	-10
4988	-10
4992	-10
4996	-10
5000	-10
5004	-10
5008	-10
5012	-10
5016	-10
5020	-10
5024	-10
5028	-10
5032	-10
5036	-10
5040	-10
5044	-10
5048	-10
5052	-10
5056	-10
5060	-10
5064	-10
5068	-10
5072	-10
5076	-10
5080	-10
5084	-10
5088	-10
5092	-10
5096	-10
5100	-10
5104	-10
5108	-10
5112	-10
5116	-10
5120	-10
5124	-10
5128	-10
5132	-10
5136	-10
5140	-10
5144	-10
5148	-10
5152	-10
5156	-10
5160	-10
5164	-10
5168	-10
5172	-10
5176	-10
5180	-10
5184	-10
5188	-10
5192	-10
5196	-10
5200	-10
5204	-10
5208	-10
5212	-10
5216	-10
5220	-10
5224	-10
5228	-10
5232	-10
5236	-10
5240	-10
5244	-10
5248	-10
5252	-10
5256	-10
5260	-10
5264	-10
5268	-10
5272	-10
5276	-10
5280	-10
5284	-10
5288	-10
5292	-10
5296	-10
5300	-10
5304	-10
5308	-10
5312	-10
5316	-10
5320	-10
5324	-10
5328	-10
5332	-10
5336	-10
5340	-10
5344	-10
5348	-10
5352	-10
5356	-10
5360	-10
5364	-10
5368	-10
5372	-10
5376	-10
5380	-10
5384	-10
5388	-10
5392	-10
5396	-10
5400	-10
5404	-10
5408	-10
5412	-10
5416	-10
5420	-10
5424	-10
5428	-10
5432	-10
5436	-10
5440	-10
5444	-10
5448	-10
5452	-10
5456	-10
5460	-10
5464	-10
5468	-10
5472	-10
5476	-10
5480	-10
5484	-10
5488	-10
5492	-10
5496	-10
5500	-10
5504	-10
5508	-10
5512	-10
5516	-10
5520	-10
5524	-10
5528	-10
5532	-10
5536	-10
5540	-10
5544	-10
5548	-10
5552	-10
5556	-10
5560	-10
5564	-10
5568	-10
5572	-10
5576	-10
5580	-10
5584	-10
5588	-10
5592	-10
5596	-10
5600	-10
5604	-10
5608	-10
5612	-10
5616	-10
5620	-10
5624	-10
5628	-10
5632	-10
5636	-10
5640	-10
5644	-10
5648	-10
5652	-10
5656	-10
5660	-10
5664	-10
5668	-10
5672	-10
5676	-10
5680	-10
5684	-10
5688	-10
5692	-10
5696	-10
5700	-10
5704	-10
5708	-10
5712	-10
5716	-10
5720	-10
5724	-10
5728	-10
5732	-10
5736	-10
5740	-10
5744	-10
5748	-10
5752	-10
5756	-10
5760	-10
5764	-10
5768	-10
5772	-10
5776	-10
5780	-10
5784	-10
5788	-10
5792	-10
5796	-10
5800	-10
5804	-10
5808	-10
5812	-10
5816	-10
5820	-10
5824	-10
5828	-10
5832	-10
5836	-10
5840	-10
5844	-10
5848	-10
5852	-10
5856	-10
5860	-10
5864	-10
5868	-10
5872	-10
5876	-10
5880	-10
5884	-10
5888	-10
5892	-10
5896	-10
5900	-10
5904	-10
5908	-10
5912	-10
5916	-10
5920	-10
5924	-10
5928	-10
5932	-10
5936	-10
5940	-10
5944	-10
5948	-10
5952	-10
5956	-10
5960	-10
5964	-10
5968	-10
5972	-10
5976	-10
5980	-10
5984	-10
5988	-10
5992	-10
5996	-10
6000	-10
6004	-10
6008	-10
6012	-10
6016	-10
6020	-10
6024	-10
6028	-10
6032	-10
6036	-10
6040	-10
6044	-10
6048	-10
6052	-10
6056	-10
6060	-10
6064	-10
6068	-10
6072	-10
6076	-10
6080	-10
6084	-10
6088	-10
6092	-10
6096	-10
6100	-10
6104	-10
6108	-10
6112	-10
6116	-10
6120	-10
6124	-10
6128	-10
6132	-10
6136	-10
6140	-10
6144	-10
6148	-10
6152	-10
6156	-10
6160	-10
6164	-10
6168	-10
6172	-10
6176	-10
6180	-10
6184	-10
6188	-10
6192	-10
6196	-10
6200	-10
6204	-10
6208	-10
6212	-10
6216	-10
6220	-10
6224	-10
6228	-10
6232	-10
6236	-10
6240	-10
6244	-10
6248	-10
6252	-10
6256	-10
6260	-10
6264	-10
6268	-10
6272	-10
6276	-10
6280	-10
6284	-10
6288	-10
6292	-10
6296	-10
6300	-10
6304	-10
6308	-10
6312	-10
6316	-10
6320	-10
6324	-10
6328	-10
6332	-10
6336	-10
6340	-10
6344	-10
6348	-10
6352	-10
6356	-10
6360	-10
6364	-10
6368	-10
6372	-10
6376	-10
6380	-10
6384	-10
6388	-10
6392	-10
6396	-10
6400	-10
6404	-10
6408	-10
6412	-10
6416	-10
6420	-10
6424	-10
6428	-10
6432	-10
6436	-10
6440	-10
6444	-10
6448	-10
6452	-10
6456	-10
6460	-10
6464	-10
6468	-10
6472	-10
6476	-10
6480	-10
6484	-10
6488	-10
6492	-10
6496	-10
6500	-10
6504	-10
6508	-10
6512	-10
6516	-10
6520	-10
6524	-10
6528	-10
6532	-10
6536	-10
6540	-10
6544	-10
6548	-10
6552	-10
6556	-10
6560	-10
6564	-10
6568	-10
6572	-10
6576	-10
6580	-10
6584	-10
6588	-10
6592	-10
6596	-10
6600	-10
6604	-10
6608	-10
6612	-10
6616	-10
6620	-10
6624	-10
6628	-10
6632	-10
6636	-10
6640	-10
6644	-10
6648	-10
6652	-10
6656	-10
6660	-10
6664	-10
6668	-10
6672	-10
6676	-10
6680	-10
6684	-10
6688	-10
6692	-10
6696	-10
6700	-10
6704	-10
6708	-10
6712	-10
6716	-10
6720	-10
6724	-10
6728	-10
6732	-10
6736	-10
6740	-10
6744	-10
6748	-10
6752	-10
6756	-10
6760	-10
6764	-10
6768	-10
6772	-10
6776	-10
6780	-10
6784	-10
6788	-10
6792	-10
6796	-10
6800	-10
6804	-10
6808	-10
6812	-10
6816	-10
6820	-10
6824	-10
6828	-10
6832	-10
6836	-10
6840	-10
6844	-10
6848	-10
6852	-10
6856	-10
6860	-10
6864	-10
6868	-10
6872	-10
6876	-10
6880	-10
6884	-10
6888	-10
6892	-10
6896	-10
6900	-10
6904	-10
6908	-10
6912	-10
6916	-10
6920	-10
6924	-10
6928	-10
6932	-10
6936	-10
6940	-10
6944	-10
6948	-10
6952	-10
6956	-10
6960	-10
6964	-10
6968	-10
6972	-10
6976	-10
6980	-10
6984	-10
6988	-10
6992	-10
6996	-10
7000	-10
7004	-10
7008	-10
7012	-10
7016	-10
7020	-10
7024	-10
7028	-10
7032	-10
7036	-10
7040	-10
7044	-10
7048	-10
7052	-10
7056	-10
7060	-10
7064	-10
7068	-10
7072	-10
7076	-10
7080	-10
7084	-10
7088	-10
7092	-10
7096	-10
7100	-10
7104	-10
7108	-10
7112	-10
7116	-10
7120	-10
7124	-10
7128	-10
7132	-10
7136	-10
7140	-10
7144	-10
7148	-10
7152	-10
7156	-10
7160	-10
7164	-10
7168	-10
7172	-10
7176	-10
7180	-10
7184	-10
7188	-10
7192	-10
7196	-10
7200	-10
7204	-10
7208	-10
7212	-10
7216	-10
7220	-10
7224	-10
7228	-10
7232	-10
7236	-10
7240	-10
7244	-10
7248	-10
7252	-10
7256	-10
7260	-10
7264	-10
7268	-10
7272	-10
7276	-10
7280	-10
7284	-10
7288	-10
7292	-10
7296	-10
7300	-10
7304	-10
7308	-10
7312	-10
7316	-10
7320	-10
7324	-10
7328	-10
7332	-10
7336	-10
7340	-10
7344	-10
7348	-10
7352	-10
7356	-10
7360	-10
7364	-10
7368	-10
7372	-10
7376	-10
7380	-10
7384	-10
7388	-10
7392	-10
7396	-10
7400	-10
7404	-10
7408	-10
7412	-10
7416	-10
7420	-10
7424	-10
7428	-10
7432	-10
7436	-10
7440	-10
7444	-10
7448	-10
7452	-10
7456	-10
7460	-10
7464	-10
7468	-10
7472	-10
7476	-10
7480	-10
7484	-10
7488	-10
7492	-10
7496	-10
