low	mid	data	2nbb	2nbbLV	2nbb+
0	2	-1	0.0282177	-1.67423	0.0367499
4	6	-1	0.222483	-1.5001	0.230632
8	10	-1	0.371572	-1.36801	0.379411
12	14	-1	0.370222	-1.40067	0.377521
16	18	-1	0.417774	-1.36136	0.424937
20	22	-1	0.466607	-1.33037	0.473483
24	26	-1	0.516828	-1.28417	0.523642
28	30	-0.60206	0.546364	-1.25394	0.553189
32	34	-1	0.591362	-1.22182	0.597989
36	38	-1	0.632109	-1.174	0.638843
40	42	-0.60206	0.66723	-1.1582	0.673674
44	46	-0.60206	0.698391	-1.127	0.704835
48	50	-1	0.731284	-1.09775	0.737674
52	54	-0.60206	0.756981	-1.07863	0.763276
56	58	-1	0.788523	-1.04864	0.794796
60	62	-1	0.815485	-1.02898	0.821654
64	66	-1	0.828662	-1.00968	0.834918
68	70	-1	0.862341	-0.974511	0.868619
72	74	-1	0.885628	-0.952278	0.891891
76	78	-1	0.89695	-0.936939	0.903271
80	82	-1	0.922506	-0.913914	0.92879
84	86	-1	0.94659	-0.889365	0.952881
88	90	-1	0.964928	-0.871538	0.971211
92	94	-1	0.981518	-0.859311	0.987739
96	98	-1	0.997855	-0.838094	1.00415
100	102	-1	1.01048	-0.830709	1.0167
104	106	-1	1.03129	-0.813707	1.03745
108	110	-1	1.0396	-0.807282	1.04574
112	114	-0.60206	1.05625	-0.786941	1.06244
116	118	-1	1.06927	-0.779182	1.07538
120	122	-1	1.08426	-0.765386	1.09036
124	126	-1	1.09708	-0.761133	1.10306
128	130	-1	1.10839	-0.744656	1.11444
132	134	-0.60206	1.12017	-0.731819	1.12624
136	138	1.23045	1.13355	-0.719983	1.13959
140	142	2.14535	1.14196	-0.710687	1.14802
144	146	2.9066	1.15667	-0.701783	1.16265
148	150	3.31508	1.16404	-0.691779	1.17005
152	154	3.45913	1.17077	-0.692024	1.17668
156	158	3.46831	1.1866	-0.676444	1.19251
160	162	3.47287	1.19522	-0.669935	1.20111
164	166	3.46872	1.20407	-0.666157	1.20989
168	170	3.44004	1.20708	-0.658555	1.21296
172	174	3.40496	1.22185	-0.649942	1.22764
176	178	3.37268	1.22916	-0.634526	1.23507
180	182	3.34434	1.23889	-0.629445	1.24474
184	186	3.31796	1.24969	-0.619352	1.25552
188	190	3.27995	1.25731	-0.610297	1.26317
192	194	3.25455	1.26448	-0.60148	1.27036
196	198	3.21498	1.27384	-0.592167	1.27971
200	202	3.18398	1.28429	-0.590694	1.29005
204	206	3.14868	1.29277	-0.585676	1.29848
208	210	3.12735	1.29959	-0.569742	1.30542
212	214	3.09812	1.30358	-0.567564	1.30938
216	218	3.06958	1.30797	-0.555593	1.31388
220	222	3.03743	1.3189	-0.551117	1.32472
224	226	3.00098	1.32767	-0.54394	1.33347
228	230	2.97669	1.33291	-0.534959	1.33876
232	234	2.94792	1.34477	-0.524381	1.3506
236	238	2.95424	1.35215	-0.514385	1.35802
240	242	2.88635	1.35762	-0.505141	1.36354
244	246	2.86703	1.3677	-0.500816	1.37354
248	250	2.83187	1.37452	-0.496852	1.38033
252	254	2.83075	1.37512	-0.490759	1.381
256	258	2.77525	1.38738	-0.47824	1.39326
260	262	2.75511	1.39785	-0.47043	1.40369
264	266	2.74036	1.40282	-0.467158	1.40864
268	270	2.70092	1.40789	-0.459035	1.41375
272	274	2.70565	1.41822	-0.451675	1.42404
276	278	2.65031	1.41751	-0.444597	1.42343
280	282	2.64123	1.4235	-0.441266	1.42939
284	286	2.59134	1.43061	-0.430189	1.43656
288	290	2.5919	1.4361	-0.425053	1.44204
292	294	2.58377	1.44564	-0.41574	1.45158
296	298	2.54002	1.44761	-0.411182	1.45358
300	302	2.52634	1.45413	-0.407099	1.46007
304	306	2.48855	1.46205	-0.397461	1.46801
308	310	2.48108	1.46854	-0.389294	1.47452
312	314	2.43933	1.47534	-0.38637	1.48127
316	318	2.42119	1.48011	-0.376886	1.4861
320	322	2.4133	1.48939	-0.370927	1.49534
324	326	2.38382	1.48968	-0.365622	1.4957
328	330	2.36455	1.49493	-0.360965	1.50094
332	334	2.33193	1.50186	-0.353924	1.50788
336	338	2.35507	1.50837	-0.347561	1.51438
340	342	2.31228	1.5087	-0.346362	1.51472
344	346	2.28103	1.51572	-0.337719	1.52176
348	350	2.32325	1.51927	-0.33202	1.52535
352	354	2.29226	1.52389	-0.32603	1.52998
356	358	2.21285	1.5303	-0.32108	1.53638
360	362	2.21617	1.53206	-0.317599	1.53816
364	366	2.20615	1.53723	-0.306845	1.5434
368	370	2.20344	1.53921	-0.306382	1.54536
372	374	2.14223	1.54405	-0.300123	1.55022
376	378	2.09604	1.55014	-0.291525	1.55635
380	382	2.11893	1.55503	-0.288405	1.56121
384	386	2.12872	1.56256	-0.279834	1.56876
388	390	2.07918	1.5612	-0.278801	1.56743
392	394	2.12222	1.56345	-0.281525	1.56961
396	398	2.07004	1.56925	-0.271404	1.57548
400	402	2.055	1.57346	-0.262523	1.57975
404	406	2.00966	1.57594	-0.26302	1.58218
408	410	2.0463	1.57763	-0.261382	1.58388
412	414	2.03342	1.58231	-0.257123	1.58856
416	418	1.98453	1.58668	-0.247712	1.59299
420	422	2.00966	1.59188	-0.242652	1.59819
424	426	1.96023	1.59544	-0.239756	1.60174
428	430	1.99891	1.59563	-0.234104	1.60201
432	434	1.97081	1.60111	-0.231594	1.60744
436	438	1.98789	1.60711	-0.228213	1.61341
440	442	1.89348	1.60563	-0.224393	1.612
444	446	1.96379	1.60973	-0.21994	1.61611
448	450	1.899	1.61412	-0.211359	1.62056
452	454	1.86332	1.61468	-0.208562	1.62116
456	458	1.93197	1.61754	-0.210348	1.62395
460	462	1.91381	1.61997	-0.2036	1.62644
464	466	1.92169	1.62308	-0.197223	1.6296
468	470	1.90849	1.62307	-0.197143	1.6296
472	474	1.8907	1.62911	-0.191526	1.63562
476	478	1.92557	1.63164	-0.187436	1.63818
480	482	1.899	1.63625	-0.183246	1.64279
484	486	1.81291	1.63421	-0.182289	1.64078
488	490	1.83091	1.64144	-0.177469	1.64798
492	494	1.86034	1.64222	-0.175855	1.64878
496	498	1.83885	1.64156	-0.17321	1.64816
500	502	1.82119	1.64651	-0.167747	1.65312
504	506	1.88224	1.64609	-0.165961	1.65273
508	510	1.92942	1.64696	-0.165218	1.6536
512	514	2.02119	1.64955	-0.161891	1.6562
516	518	1.79934	1.65508	-0.158168	1.6617
520	522	1.84354	1.65465	-0.155104	1.66133
524	526	1.85431	1.65668	-0.153209	1.66335
528	530	1.85278	1.65837	-0.149067	1.66508
532	534	1.83251	1.66069	-0.143184	1.66746
536	538	1.8341	1.65868	-0.141943	1.6655
540	542	1.84665	1.66071	-0.140843	1.66752
544	546	1.83091	1.66604	-0.137966	1.6728
548	550	1.78176	1.66746	-0.135842	1.67424
552	554	1.81954	1.67276	-0.129444	1.67955
556	558	1.82607	1.6692	-0.128086	1.67607
560	562	1.81124	1.6719	-0.124564	1.67878
564	566	1.83251	1.67489	-0.123848	1.68173
568	570	1.81954	1.67373	-0.121856	1.68063
572	574	1.82282	1.67697	-0.118641	1.68387
576	578	1.77085	1.6751	-0.114065	1.6821
580	582	1.89348	1.67437	-0.116597	1.68134
584	586	1.87938	1.67394	-0.115524	1.68094
588	590	1.83251	1.67668	-0.110589	1.68371
592	594	1.8179	1.67966	-0.10714	1.6867
596	598	1.81624	1.68063	-0.105385	1.68769
600	602	1.81291	1.67949	-0.107029	1.68653
604	610	1.89441	1.68249	-0.101606	1.68957
616	618	1.83091	1.68664	-0.0963789	1.69373
620	622	1.82119	1.68667	-0.096256	1.69377
624	626	1.79414	1.68483	-0.094627	1.69199
628	630	1.83251	1.68411	-0.0932458	1.6913
632	634	1.81458	1.68238	-0.0914105	1.68963
636	638	1.79761	1.68509	-0.0874987	1.69236
640	642	1.82282	1.68603	-0.0911625	1.69323
644	646	1.81291	1.68806	-0.0867662	1.6953
648	650	1.81124	1.6869	-0.0821793	1.69423
652	654	1.83091	1.68454	-0.0821502	1.69191
656	658	1.82119	1.68713	-0.0807683	1.69448
660	662	1.84198	1.69031	-0.078411	1.69765
664	666	1.8341	1.69002	-0.0780999	1.69737
668	670	1.81124	1.68568	-0.0765733	1.69312
672	674	1.79414	1.68809	-0.0757487	1.69551
676	678	1.83569	1.68695	-0.0747371	1.6944
680	682	1.79414	1.69015	-0.073224	1.69757
684	686	1.80787	1.68842	-0.0692804	1.69594
688	690	1.79934	1.69204	-0.067275	1.69953
692	694	1.82445	1.68751	-0.0727412	1.69499
696	698	1.78533	1.68571	-0.0673669	1.69331
700	702	1.79588	1.68781	-0.0682814	1.69536
704	706	1.77815	1.68838	-0.0683713	1.69592
708	710	1.8341	1.68923	-0.063048	1.69685
712	714	1.84354	1.68761	-0.0631723	1.69525
716	718	1.77815	1.68456	-0.0626483	1.69226
720	722	1.7653	1.68433	-0.0657582	1.69199
724	726	1.80106	1.68577	-0.0640132	1.69343
728	730	1.81124	1.68317	-0.0594476	1.69095
732	734	1.78533	1.68426	-0.0579892	1.69206
736	738	1.77452	1.6797	-0.0626705	1.68749
740	742	1.81124	1.68432	-0.0567399	1.69214
744	746	1.78533	1.68575	-0.0531857	1.6936
748	750	1.80787	1.68123	-0.0593574	1.68905
752	754	1.76716	1.68229	-0.0586125	1.6901
756	758	1.78888	1.68113	-0.0584127	1.68897
760	762	1.76155	1.67949	-0.0556447	1.68741
764	766	1.82119	1.67636	-0.0575339	1.6843
768	770	1.80787	1.67525	-0.0577496	1.68321
772	774	1.77452	1.67536	-0.0574111	1.68332
776	778	1.74819	1.67454	-0.0591346	1.68249
780	782	1.78711	1.67217	-0.0583539	1.68018
784	786	1.80618	1.67306	-0.0554675	1.6811
788	790	1.73239	1.67091	-0.0544924	1.67901
792	794	1.80448	1.66969	-0.0556776	1.67779
796	798	1.79588	1.66769	-0.0581199	1.67578
800	802	1.75778	1.66265	-0.0560988	1.67087
804	806	1.7653	1.66552	-0.055699	1.67369
808	810	1.77452	1.66595	-0.0557744	1.67411
812	814	1.75397	1.66389	-0.0553353	1.67211
816	818	1.74819	1.66083	-0.0562092	1.66908
820	822	1.7653	1.65859	-0.058116	1.66685
824	826	1.77996	1.65848	-0.0528664	1.66684
828	830	1.70544	1.65521	-0.0584737	1.66353
832	834	1.74233	1.65211	-0.0585595	1.66049
836	838	1.82445	1.65273	-0.0558816	1.66114
840	842	1.74624	1.65153	-0.0571697	1.65994
844	846	1.78533	1.65105	-0.0564659	1.65949
848	850	1.716	1.64861	-0.0563097	1.6571
852	854	1.72632	1.6485	-0.0564049	1.65699
856	858	1.74624	1.64406	-0.0598364	1.65256
860	862	1.78176	1.64121	-0.0580958	1.64981
864	866	1.74819	1.63764	-0.0571481	1.64632
868	870	1.73838	1.64192	-0.0576804	1.65051
872	874	1.69897	1.63918	-0.0578231	1.64782
876	878	1.7344	1.6328	-0.0592851	1.64153
880	882	1.7364	1.63338	-0.0611562	1.64206
884	886	1.71391	1.63036	-0.0603176	1.63913
888	890	1.7364	1.62841	-0.0610756	1.63719
892	894	1.73838	1.62872	-0.061657	1.63749
896	898	1.73239	1.62016	-0.0657225	1.62903
900	902	1.71809	1.62199	-0.0655352	1.63081
904	906	1.76343	1.61671	-0.0685221	1.62558
908	910	1.82607	1.6171	-0.0669336	1.626
912	914	1.76155	1.61662	-0.0672995	1.62552
916	918	1.78711	1.6086	-0.0710982	1.61759
920	922	1.7344	1.60361	-0.0730589	1.61266
924	926	1.72016	1.60271	-0.0734872	1.61177
928	930	1.70114	1.60383	-0.0727107	1.61288
932	934	1.69679	1.59795	-0.0745371	1.60708
936	938	1.70969	1.59486	-0.0761777	1.60403
940	942	1.69679	1.58916	-0.0801192	1.59836
944	946	1.77269	1.59243	-0.0792499	1.60158
948	950	1.76901	1.59121	-0.0799557	1.60037
952	954	1.72428	1.58186	-0.0825968	1.59116
956	958	1.66039	1.57985	-0.0836429	1.58917
960	962	1.67669	1.57914	-0.0836876	1.58848
964	966	1.70329	1.5757	-0.0849604	1.58509
968	970	1.74036	1.57312	-0.0878909	1.5825
972	974	1.68124	1.56895	-0.087926	1.57842
976	978	1.70969	1.56372	-0.0928154	1.57319
980	982	1.60477	1.56313	-0.092633	1.57262
984	986	1.6744	1.56208	-0.0947553	1.57155
988	990	1.65562	1.55712	-0.0986044	1.56661
992	994	1.70329	1.55049	-0.0954009	1.56019
996	998	1.63094	1.54582	-0.100495	1.55552
1000	1002	1.74036	1.5431	-0.104789	1.55276
1004	1006	1.66745	1.54069	-0.102524	1.55045
1008	1010	1.69897	1.53463	-0.104244	1.54449
1012	1014	1.72016	1.53126	-0.108734	1.54109
1016	1018	1.66276	1.52922	-0.107613	1.53913
1020	1022	1.64098	1.52635	-0.110316	1.53626
1024	1026	1.67669	1.5244	-0.113228	1.53429
1028	1030	1.63599	1.51851	-0.115844	1.52848
1032	1034	1.63347	1.51566	-0.115925	1.52568
1036	1038	1.72835	1.51063	-0.119309	1.52069
1040	1042	1.5563	1.5054	-0.121388	1.51553
1044	1046	1.65321	1.50199	-0.122807	1.51217
1048	1050	1.6835	1.50055	-0.127888	1.51065
1052	1054	1.62839	1.49197	-0.131398	1.50218
1056	1058	1.63347	1.49083	-0.129275	1.50112
1060	1062	1.58263	1.48146	-0.134245	1.49186
1064	1066	1.64591	1.48079	-0.132869	1.49124
1068	1070	1.63599	1.4785	-0.136146	1.48892
1072	1074	1.59934	1.4742	-0.139968	1.48464
1076	1078	1.62583	1.47007	-0.144873	1.48048
1080	1082	1.61805	1.46265	-0.150092	1.47311
1084	1086	1.62325	1.4574	-0.151969	1.46794
1088	1090	1.61542	1.45239	-0.156669	1.46294
1092	1094	1.65079	1.4533	-0.155963	1.46385
1096	1098	1.64098	1.44437	-0.156231	1.45512
1100	1102	1.58263	1.43958	-0.161381	1.45033
1104	1106	1.64345	1.43437	-0.161214	1.44525
1108	1110	1.61013	1.4292	-0.166132	1.44009
1112	1114	1.55328	1.42767	-0.172424	1.43844
1116	1118	1.56526	1.42454	-0.173917	1.43535
1120	1122	1.64591	1.41834	-0.178219	1.4292
1124	1126	1.50515	1.41028	-0.180718	1.42128
1128	1130	1.54095	1.40793	-0.180943	1.41898
1132	1134	1.53466	1.40302	-0.183678	1.41413
1136	1138	1.59934	1.39463	-0.19351	1.4057
1140	1142	1.54407	1.38853	-0.199189	1.3996
1144	1146	1.52827	1.38609	-0.197185	1.39728
1148	1150	1.55023	1.37435	-0.200925	1.38575
1152	1154	1.58263	1.3738	-0.203374	1.38515
1156	1158	1.59934	1.36728	-0.207629	1.37869
1160	1162	1.52504	1.36349	-0.211477	1.37489
1164	1166	1.51188	1.3574	-0.2149	1.36888
1168	1170	1.53466	1.3486	-0.218202	1.36022
1172	1174	1.63094	1.3444	-0.219704	1.35609
1176	1178	1.50174	1.33955	-0.222092	1.3513
1180	1182	1.57403	1.33142	-0.231658	1.34314
1184	1186	1.59106	1.32477	-0.232247	1.33665
1188	1190	1.63849	1.32033	-0.235439	1.33224
1192	1194	1.54407	1.31492	-0.242002	1.3268
1196	1198	1.54095	1.31097	-0.247398	1.32282
1200	1202	1.60477	1.29919	-0.251484	1.31124
1204	1206	1.61542	1.29447	-0.255985	1.30653
1208	1210	1.53782	1.29331	-0.254553	1.30544
1212	1214	1.51521	1.2814	-0.26662	1.29353
1216	1218	1.5966	1.27779	-0.264062	1.29009
1220	1222	1.54716	1.27272	-0.269057	1.28502
1224	1226	1.51851	1.26995	-0.276113	1.28213
1228	1230	1.55328	1.2609	-0.278987	1.27325
1232	1234	1.57113	1.25572	-0.286598	1.26801
1236	1238	1.5966	1.24603	-0.288981	1.25852
1240	1242	1.53148	1.23717	-0.296157	1.24971
1244	1246	1.49485	1.23497	-0.297782	1.24752
1248	1250	1.42732	1.22237	-0.303506	1.23512
1252	1254	1.55328	1.21794	-0.307078	1.23071
1256	1258	1.38917	1.20807	-0.31026	1.22104
1260	1262	1.55023	1.20364	-0.313942	1.21664
1264	1266	1.57692	1.19649	-0.321405	1.20948
1268	1270	1.47349	1.19404	-0.327938	1.20691
1272	1274	1.53466	1.18028	-0.332246	1.19342
1276	1278	1.43136	1.17035	-0.338	1.18362
1280	1282	1.45102	1.16814	-0.338979	1.18145
1284	1286	1.49485	1.16043	-0.346008	1.17375
1288	1290	1.44716	1.15558	-0.351576	1.16889
1292	1294	1.54407	1.14782	-0.356292	1.16121
1296	1298	1.50174	1.13383	-0.363748	1.14742
1300	1302	1.39794	1.12626	-0.367324	1.13998
1304	1306	1.43537	1.11721	-0.371074	1.1311
1308	1310	1.43933	1.11107	-0.378715	1.12491
1312	1314	1.39794	1.10674	-0.384124	1.12055
1316	1318	1.30643	1.09817	-0.388795	1.11209
1320	1322	1.36642	1.09515	-0.395947	1.10895
1324	1326	1.38021	1.08362	-0.402826	1.09756
1328	1330	1.37107	1.07638	-0.403489	1.09053
1332	1334	1.42325	1.06286	-0.412489	1.07716
1336	1338	1.31175	1.05032	-0.421105	1.06475
1340	1342	1.36173	1.04319	-0.423413	1.05778
1344	1346	1.30643	1.0395	-0.429986	1.05399
1348	1350	1.30643	1.02913	-0.443928	1.04351
1352	1354	1.12222	1.02486	-0.444728	1.03935
1356	1358	1.25527	1.01155	-0.446885	1.02641
1360	1362	1.30643	1.00395	-0.455378	1.01877
1364	1366	1.15381	0.990792	-0.467236	1.00566
1368	1370	1.27875	0.982439	-0.469073	0.99753
1372	1374	1.31175	0.973118	-0.477593	0.988236
1376	1378	1.19033	0.976101	-0.48253	0.99095
1380	1382	1.32222	0.959952	-0.492462	0.975012
1384	1386	1.273	0.952798	-0.493222	0.968077
1388	1390	1.16137	0.93688	-0.503027	0.952372
1392	1394	1.15381	0.928829	-0.511637	0.944301
1396	1398	1.17609	0.909712	-0.518877	0.925606
1400	1402	1.15381	0.907599	-0.525286	0.923339
1404	1406	1.07004	0.907154	-0.531155	0.922702
1408	1410	1.21748	0.892517	-0.544621	0.908106
1412	1414	1.10551	0.891044	-0.548072	0.906564
1416	1418	1.03141	0.869933	-0.555626	0.885936
1420	1422	1.13033	0.857644	-0.564457	0.873773
1424	1426	1.02119	0.845769	-0.575834	0.861916
1428	1430	1.07004	0.842245	-0.574768	0.85856
1432	1434	1.0607	0.826107	-0.585997	0.842605
1436	1438	1.07004	0.822699	-0.592933	0.839066
1440	1442	1.02119	0.808201	-0.605011	0.824656
1444	1446	1.0607	0.792569	-0.607681	0.809513
1448	1450	0.942008	0.786126	-0.610545	0.803208
1452	1454	1.02119	0.774642	-0.622771	0.791695
1456	1462	1.96103	0.755717	-0.641813	0.772766
1468	1470	0.966142	0.73032	-0.656005	0.747806
1472	1474	0.875061	0.713979	-0.668972	0.731598
1476	1478	0.875061	0.705839	-0.68195	0.723267
1480	1482	0.889302	0.682819	-0.693819	0.700692
1484	1486	0.942008	0.680083	-0.700679	0.69779
1488	1490	0.875061	0.66754	-0.700135	0.685777
1492	1494	0.875061	0.649157	-0.713973	0.667582
1496	1498	0.812913	0.635967	-0.72701	0.654398
1500	1502	0.676694	0.631459	-0.738065	0.649621
1504	1506	0.759668	0.60273	-0.745794	0.621772
1508	1510	0.829304	0.605	-0.752598	0.623656
1512	1514	0.829304	0.580105	-0.772178	0.598986
1516	1518	0.860338	0.575312	-0.772529	0.594383
1520	1526	2.1383	0.54842	-0.795168	0.567674
1532	1534	0.720159	0.522269	-0.812572	0.541906
1536	1538	0.740363	0.514603	-0.816765	0.534395
1540	1542	0.676694	0.50147	-0.838959	0.520862
1544	1546	0.574031	0.486301	-0.843422	0.506166
1548	1550	0.439333	0.466234	-0.853051	0.486572
1552	1554	0.628389	0.441597	-0.869684	0.462304
1556	1558	0.69897	0.434344	-0.875914	0.455098
1560	1562	0.628389	0.413798	-0.895499	0.434597
1564	1566	0.628389	0.402295	-0.90095	0.423379
1568	1570	0.477121	0.392404	-0.90599	0.413719
1572	1574	0.30103	0.391034	-0.914051	0.412031
1576	1578	0.511883	0.371909	-0.929302	0.393089
1580	1582	0.653213	0.352468	-0.941382	0.374002
1584	1586	0.352183	0.328372	-0.956089	0.350365
1588	1590	0.477121	0.312816	-0.964223	0.335178
1592	1594	0.60206	0.305762	-0.970188	0.328179
1596	1598	0.39794	0.272567	-0.991577	0.295586
1600	1602	0.352183	0.270184	-1.00747	0.292515
1604	1606	0.439333	0.258959	-1.02111	0.28117
1608	1610	0.439333	0.23709	-1.03455	0.259725
1612	1614	0.352183	0.216518	-1.04986	0.239421
1616	1618	0.243038	0.200228	-1.05826	0.22354
1620	1622	0.352183	0.175518	-1.06912	0.199565
1624	1626	0.30103	0.163077	-1.08709	0.186828
1628	1630	0.39794	0.149152	-1.10126	0.172891
1632	1634	0.30103	0.126049	-1.11996	0.150023
1636	1638	0.352183	0.103214	-1.13423	0.127652
1640	1642	0.09691	0.057624	-1.14822	0.0838517
1644	1646	0	0.0694828	-1.1573	0.0945109
1648	1650	0.176091	0.048599	-1.17145	0.0740067
1652	1654	-0.124939	0.0352304	-1.17924	0.0609574
1656	1658	0.30103	0.0215104	-1.19008	0.0474037
1660	1662	0.439333	0.000559104	-1.19606	0.0273327
1664	1666	0.09691	-0.0205527	-1.23241	0.00532512
1668	1670	0.39794	-0.0452949	-1.25187	-0.0191102
1672	1674	0	-0.0585702	-1.26697	-0.0324916
1676	1678	0.439333	-0.070865	-1.28303	-0.0450051
1680	1682	0.176091	-0.105033	-1.28659	-0.077344
1684	1686	0.09691	-0.130408	-1.30798	-0.102472
1688	1690	-0.124939	-0.142739	-1.30719	-0.113974
1692	1694	0.243038	-0.160976	-1.328	-0.132375
1696	1698	0.09691	-0.184516	-1.35934	-0.156408
1700	1702	-0.124939	-0.240194	-1.37311	-0.209338
1704	1706	0.243038	-0.23765	-1.38599	-0.207833
1708	1710	0	-0.253393	-1.41174	-0.224233
1712	1714	0.09691	-0.324741	-1.43731	-0.292458
1716	1718	-0.124939	-0.325076	-1.45211	-0.293813
1720	1722	-0.30103	-0.318244	-1.4516	-0.287418
1724	1726	0.09691	-0.364865	-1.48333	-0.333001
1728	1730	0.511883	-0.380534	-1.4972	-0.348543
1732	1734	-0.124939	-0.408485	-1.52553	-0.376521
1736	1738	0	-0.421786	-1.55885	-0.391213
1740	1742	0.30103	-0.462818	-1.5652	-0.429797
1744	1746	-0.124939	-0.492576	-1.5946	-0.45953
1748	1750	0.243038	-0.501119	-1.60565	-0.468256
1752	1754	-0.124939	-0.54778	-1.63997	-0.514004
1756	1758	0.09691	-0.583842	-1.66572	-0.549287
1760	1764	0.49485	-0.627539	-1.6972	-0.592038
1768	1770	-0.30103	-0.642316	-1.72465	-0.607796
1772	1774	-0.30103	-0.6723	-1.7389	-0.636557
1776	1778	-0.30103	-0.696621	-1.75416	-0.660155
1780	1782	-0.30103	-0.723125	-1.75693	-0.6847
1784	1786	0.09691	-0.765563	-1.78997	-0.726333
1788	1790	0	-0.837661	-1.83297	-0.795839
1792	1794	-0.124939	-0.865796	-1.85671	-0.823569
1796	1798	-0.124939	-0.874134	-1.892	-0.834335
1800	1802	-0.124939	-0.864244	-1.94435	-0.829553
1804	1806	0	-0.971979	-1.94683	-0.928239
1808	1810	-1	-0.960449	-1.97165	-0.920063
1812	1814	-1	-0.916785	-1.98479	-0.881153
1816	1818	-1	-1.01671	-2.01267	-0.974952
1820	1822	-1	-1.10749	-2.03523	-1.05901
1824	1826	-1	-1.15933	-2.08898	-1.11105
1828	1830	-0.60206	-1.1864	-2.1104	-1.13752
1832	1834	-0.30103	-1.16152	-2.14262	-1.11837
1836	1838	0	-1.19025	-2.18564	-1.14844
1840	1842	-1	-1.23324	-2.19938	-1.18866
1844	1846	0	-1.40791	-2.21978	-1.34563
1848	1850	-0.124939	-1.39672	-2.24209	-1.33877
1852	1854	-0.60206	-1.30359	-2.30137	-1.26199
1856	1858	-0.124939	-1.37182	-2.32253	-1.32571
1860	1862	-0.60206	-1.42749	-2.37298	-1.38085
1864	1866	-0.30103	-1.52173	-2.39759	-1.46747
1868	1870	-0.60206	-1.66834	-2.46054	-1.60337
1872	1874	-1	-1.72433	-2.51022	-1.65848
1876	1878	-0.30103	-1.57714	-2.48097	-1.52607
1880	1882	-0.60206	-1.64335	-2.55413	-1.59304
1884	1886	-0.60206	-1.82977	-2.63421	-1.76648
1888	1890	-0.60206	-1.76436	-2.62397	-1.70816
1892	1894	-0.60206	-1.95624	-2.72749	-1.8883
1896	1898	-1	-1.92498	-2.75572	-1.86517
1900	1902	-0.60206	-2.00759	-2.84564	-1.94871
1904	1906	-0.60206	-2.15079	-2.89597	-2.07898
1908	1910	-1	-2.18977	-2.96051	-2.12176
1912	1914	0	-2.17024	-2.89732	-2.09562
1916	1918	-0.30103	-2.49147	-3.00356	-2.37501
1920	1922	0	-2.28752	-2.95945	-2.20371
1924	1926	-0.124939	-2.46716	-3.01252	-2.35831
1928	1930	-0.60206	-2.61429	-3.0415	-2.47633
1932	1934	-1	-3.03767	-3.20684	-2.81304
1936	1938	-0.124939	-3.42961	-3.1691	-2.97907
1940	1942	-1	-1	-3.34466	-3.34466
1944	1946	-0.124939	-3.17371	-3.40993	-2.97492
1948	1950	-0.60206	-2.6505	-3.63435	-2.60761
1952	1954	-0.30103	-2.95481	-3.54752	-2.85601
1956	1958	-0.30103	-3.0524	-3.68089	-2.96065
1960	1962	-0.60206	-4.11963	-3.69811	-3.55859
1964	1966	-0.124939	-1	-3.83578	-3.83578
1968	1970	-1	-1	-4.27481	-4.27481
1972	1974	-0.124939	-1	-4.08504	-4.08504
1976	1978	-0.60206	-1	-4.07856	-4.07856
1980	1982	-1	-1	-4.12529	-4.12529
1984	1986	-1	-1	-4.55933	-4.55933
1988	1990	-0.124939	-1	-4.39071	-4.39071
1992	1994	-0.60206	-1	-4.35096	-4.35096
1996	1998	-0.60206	-1	-5.25001	-5.25001
2000	2002	-0.60206	-1	-1	-1
2004	2006	-1	-1	-1	-1
2008	2010	-1	-1	-1	-1
2012	2014	-0.60206	-1	-1	-1
2016	2018	-1	-1	-1	-1
2020	2022	-1	-1	-1	-1
2024	2026	-1	-1	-1	-1
2028	2030	-1	-1	-1	-1
2032	2034	-1	-1	-1	-1
2036	2038	-1	-1	-1	-1
2040	2042	-1	-1	-1	-1
2044	2046	-1	-1	-1	-1
2048	2050	-1	-1	-1	-1
2052	2054	-1	-1	-1	-1
2056	2058	-1	-1	-1	-1
2060	2062	-1	-1	-1	-1
2064	2066	-0.60206	-1	-1	-1
2068	2070	-0.60206	-1	-1	-1
2072	2074	-1	-1	-1	-1
2076	2078	-1	-1	-1	-1
2080	2082	-1	-1	-1	-1
2084	2086	-1	-1	-1	-1
2088	2090	-1	-1	-1	-1
2092	2094	-0.60206	-1	-1	-1
2096	2098	-0.60206	-1	-1	-1
2100	2102	0	-1	-1	-1
2104	2106	-0.30103	-1	-1	-1
2108	2110	-1	-1	-1	-1
2112	2114	-0.30103	-1	-1	-1
2116	2118	-1	-1	-1	-1
2120	2122	-0.30103	-1	-1	-1
2124	2126	-0.60206	-1	-1	-1
2128	2130	-1	-1	-1	-1
2132	2134	-1	-1	-1	-1
2136	2138	-0.124939	-1	-1	-1
2140	2142	-0.60206	-1	-1	-1
2144	2146	-1	-1	-1	-1
2148	2150	-1	-1	-1	-1
2152	2154	-1	-1	-1	-1
2156	2158	-0.124939	-1	-1	-1
2160	2162	-1	-1	-1	-1
2164	2166	-0.30103	-1	-1	-1
2168	2170	-1	-1	-1	-1
2172	2174	-1	-1	-1	-1
2176	2178	-0.30103	-1	-1	-1
2180	2182	-1	-1	-1	-1
2184	2186	-0.30103	-1	-1	-1
2188	2190	-0.60206	-1	-1	-1
2192	2194	-1	-1	-1	-1
2196	2198	-0.124939	-1	-1	-1
2200	2204	0.138303	-1	-1	-1
2208	2210	-0.30103	-1	-1	-1
2212	2214	-0.60206	-1	-1	-1
2216	2218	-0.60206	-1	-1	-1
2220	2222	-0.60206	-1	-1	-1
2224	2226	-1	-1	-1	-1
2228	2230	-0.60206	-1	-1	-1
2232	2234	-0.30103	-1	-1	-1
2236	2238	-1	-1	-1	-1
2240	2242	-1	-1	-1	-1
2244	2246	-0.60206	-1	-1	-1
2248	2250	-0.30103	-1	-1	-1
2252	2254	-0.60206	-1	-1	-1
2256	2258	-1	-1	-1	-1
2260	2262	-0.60206	-1	-1	-1
2264	2266	-0.124939	-1	-1	-1
2268	2270	-0.30103	-1	-1	-1
2272	2274	-0.60206	-1	-1	-1
2276	2278	-1	-1	-1	-1
2280	2282	-0.30103	-1	-1	-1
2284	2286	0	-1	-1	-1
2288	2290	-1	-1	-1	-1
2292	2294	-1	-1	-1	-1
2296	2298	-1	-1	-1	-1
2300	2302	-1	-1	-1	-1
2304	2306	-1	-1	-1	-1
2308	2310	-0.30103	-1	-1	-1
2312	2314	-0.60206	-1	-1	-1
2316	2318	-1	-1	-1	-1
2320	2322	-0.60206	-1	-1	-1
2324	2326	-0.60206	-1	-1	-1
2328	2330	-0.60206	-1	-1	-1
2332	2334	-1	-1	-1	-1
2336	2338	-0.60206	-1	-1	-1
2340	2342	-0.60206	-1	-1	-1
2344	2346	-0.60206	-1	-1	-1
2348	2350	-0.60206	-1	-1	-1
2352	2354	-0.60206	-1	-1	-1
2356	2358	-1	-1	-1	-1
2360	2362	-0.60206	-1	-1	-1
2364	2366	-0.60206	-1	-1	-1
2368	2370	-0.30103	-1	-1	-1
2372	2374	-1	-1	-1	-1
2376	2378	-0.30103	-1	-1	-1
2380	2382	-1	-1	-1	-1
2384	2386	-0.60206	-1	-1	-1
2388	2390	-1	-1	-1	-1
2392	2394	-0.124939	-1	-1	-1
2396	2398	-1	-1	-1	-1
2400	2402	-1	-1	-1	-1
2404	2406	-1	-1	-1	-1
2408	2410	-0.60206	-1	-1	-1
2412	2414	-0.60206	-1	-1	-1
2416	2418	-1	-1	-1	-1
2420	2422	-1	-1	-1	-1
2424	2426	-0.60206	-1	-1	-1
2428	2430	-0.30103	-1	-1	-1
2432	2434	-1	-1	-1	-1
2436	2438	-1	-1	-1	-1
2440	2446	-0.124939	-1	-1	-1
2452	2454	-1	-1	-1	-1
2456	2458	-1	-1	-1	-1
2460	2462	-1	-1	-1	-1
2464	2466	-1	-1	-1	-1
2468	2470	-0.60206	-1	-1	-1
2472	2474	-1	-1	-1	-1
2476	2478	-1	-1	-1	-1
2480	2482	-0.60206	-1	-1	-1
2484	2486	-1	-1	-1	-1
2488	2490	-1	-1	-1	-1
2492	2494	-0.30103	-1	-1	-1
2496	2498	-0.60206	-1	-1	-1
2500	2502	-1	-1	-1	-1
2504	2506	-1	-1	-1	-1
2508	2510	-1	-1	-1	-1
2512	2514	-1	-1	-1	-1
2516	2518	-1	-1	-1	-1
2520	2522	-1	-1	-1	-1
2524	2526	-1	-1	-1	-1
2528	2530	-1	-1	-1	-1
2532	2534	-1	-1	-1	-1
2536	2538	-1	-1	-1	-1
2540	2542	-1	-1	-1	-1
2544	2546	-0.30103	-1	-1	-1
2548	2550	-1	-1	-1	-1
2552	2554	-1	-1	-1	-1
2556	2558	-1	-1	-1	-1
2560	2562	-1	-1	-1	-1
2564	2566	-1	-1	-1	-1
2568	2570	-1	-1	-1	-1
2572	2574	-0.60206	-1	-1	-1
2576	2578	-1	-1	-1	-1
2580	2582	-1	-1	-1	-1
2584	2586	-0.60206	-1	-1	-1
2588	2590	-1	-1	-1	-1
2592	2594	-0.30103	-1	-1	-1
2596	2598	-1	-1	-1	-1
2600	2602	-1	-1	-1	-1
2604	2606	-1	-1	-1	-1
2608	2614	0.176091	-1	-1	-1
2620	2622	-1	-1	-1	-1
2624	2626	-0.60206	-1	-1	-1
2628	2630	-1	-1	-1	-1
2632	2634	-0.60206	-1	-1	-1
2636	2638	-1	-1	-1	-1
2640	2642	-1	-1	-1	-1
2644	2646	-1	-1	-1	-1
2648	2650	-1	-1	-1	-1
2652	2654	-1	-1	-1	-1
2656	2658	-1	-1	-1	-1
2660	2662	-1	-1	-1	-1
2664	2666	-1	-1	-1	-1
2668	2670	-1	-1	-1	-1
2672	2674	-0.60206	-1	-1	-1
2676	2678	-1	-1	-1	-1
2680	2682	-1	-1	-1	-1
2684	2686	-0.60206	-1	-1	-1
2688	2690	-0.60206	-1	-1	-1
2692	2694	-1	-1	-1	-1
2696	2698	-0.60206	-1	-1	-1
2700	2702	-1	-1	-1	-1
2704	2706	-0.60206	-1	-1	-1
2708	2710	-0.60206	-1	-1	-1
2712	2714	-1	-1	-1	-1
2716	2718	-1	-1	-1	-1
2720	2722	-1	-1	-1	-1
2724	2726	-1	-1	-1	-1
2728	2730	-0.60206	-1	-1	-1
2732	2734	-1	-1	-1	-1
2736	2738	-1	-1	-1	-1
2740	2742	-1	-1	-1	-1
2744	2746	-1	-1	-1	-1
2748	2750	-0.60206	-1	-1	-1
2752	2754	-1	-1	-1	-1
2756	2758	-1	-1	-1	-1
2760	2762	-0.60206	-1	-1	-1
2764	2766	-1	-1	-1	-1
2768	2770	-1	-1	-1	-1
2772	2774	-1	-1	-1	-1
2776	2778	-1	-1	-1	-1
2780	2782	-1	-1	-1	-1
2784	2786	-0.60206	-1	-1	-1
2788	2790	-1	-1	-1	-1
2792	2794	-0.60206	-1	-1	-1
2796	2798	-1	-1	-1	-1
2800	2802	-0.60206	-1	-1	-1
2804	2806	-1	-1	-1	-1
2808	2810	-1	-1	-1	-1
2812	2814	-1	-1	-1	-1
2816	2818	-1	-1	-1	-1
2820	2822	-0.60206	-1	-1	-1
2824	2826	-1	-1	-1	-1
2828	2830	-0.60206	-1	-1	-1
2832	2834	-0.30103	-1	-1	-1
2836	2838	-1	-1	-1	-1
2840	2842	-1	-1	-1	-1
2844	2846	-1	-1	-1	-1
2848	2850	-1	-1	-1	-1
2852	2854	-0.30103	-1	-1	-1
2856	2858	-1	-1	-1	-1
2860	2862	-1	-1	-1	-1
2864	2866	-1	-1	-1	-1
2868	2870	-1	-1	-1	-1
2872	2874	-1	-1	-1	-1
2876	2878	-0.60206	-1	-1	-1
2880	2882	-1	-1	-1	-1
2884	2886	-0.60206	-1	-1	-1
2888	2890	-1	-1	-1	-1
2892	2894	-1	-1	-1	-1
2896	2898	-0.60206	-1	-1	-1
2900	2902	-1	-1	-1	-1
2904	2906	-0.60206	-1	-1	-1
2908	2910	-1	-1	-1	-1
2912	2914	-1	-1	-1	-1
2916	2918	-1	-1	-1	-1
2920	2922	-0.60206	-1	-1	-1
2924	2926	-1	-1	-1	-1
2928	2930	-0.30103	-1	-1	-1
2932	2934	-0.60206	-1	-1	-1
2936	2938	-0.60206	-1	-1	-1
2940	2942	-1	-1	-1	-1
2944	2946	-0.30103	-1	-1	-1
2948	2950	-1	-1	-1	-1
2952	2954	-0.60206	-1	-1	-1
2956	2958	-1	-1	-1	-1
2960	2962	-1	-1	-1	-1
2964	2966	-0.60206	-1	-1	-1
2968	2970	-0.60206	-1	-1	-1
2972	2974	-1	-1	-1	-1
2976	2978	-0.60206	-1	-1	-1
2980	2982	-1	-1	-1	-1
2984	2986	-1	-1	-1	-1
2988	2990	-1	-1	-1	-1
2992	2994	-1	-1	-1	-1
2996	2998	-1	-1	-1	-1
3000	3002	-0.60206	-1	-1	-1
3004	3006	-1	-1	-1	-1
3008	3010	-0.60206	-1	-1	-1
3012	3014	-1	-1	-1	-1
3016	3018	-0.60206	-1	-1	-1
3020	3022	-0.60206	-1	-1	-1
3024	3026	-1	-1	-1	-1
3028	3030	-1	-1	-1	-1
3032	3034	-0.60206	-1	-1	-1
3036	3038	-1	-1	-1	-1
3040	3042	-1	-1	-1	-1
3044	3046	-1	-1	-1	-1
3048	3050	-1	-1	-1	-1
3052	3054	-0.60206	-1	-1	-1
3056	3058	-1	-1	-1	-1
3060	3062	-1	-1	-1	-1
3064	3066	-1	-1	-1	-1
3068	3070	-1	-1	-1	-1
3072	3074	-1	-1	-1	-1
3076	3078	-1	-1	-1	-1
3080	3082	-0.60206	-1	-1	-1
3084	3086	-1	-1	-1	-1
3088	3090	-1	-1	-1	-1
3092	3094	-1	-1	-1	-1
3096	3098	-1	-1	-1	-1
3100	3102	-0.60206	-1	-1	-1
3104	3106	-1	-1	-1	-1
3108	3110	-1	-1	-1	-1
3112	3114	-1	-1	-1	-1
3116	3118	-0.60206	-1	-1	-1
3120	3122	-1	-1	-1	-1
3124	3126	-1	-1	-1	-1
3128	3130	-1	-1	-1	-1
3132	3134	-0.60206	-1	-1	-1
3136	3138	-1	-1	-1	-1
3140	3142	-1	-1	-1	-1
3144	3146	-0.30103	-1	-1	-1
3148	3150	-1	-1	-1	-1
3152	3154	-0.60206	-1	-1	-1
3156	3158	-1	-1	-1	-1
3160	3162	-1	-1	-1	-1
3164	3166	-0.60206	-1	-1	-1
3168	3170	-1	-1	-1	-1
3172	3174	-1	-1	-1	-1
3176	3178	-1	-1	-1	-1
3180	3182	-1	-1	-1	-1
3184	3186	-1	-1	-1	-1
3188	3190	-1	-1	-1	-1
3192	3194	-1	-1	-1	-1
3196	3198	-0.60206	-1	-1	-1
3200	3202	-1	-1	-1	-1
3204	3206	-1	-1	-1	-1
3208	3210	-0.60206	-1	-1	-1
3212	3214	-0.60206	-1	-1	-1
3216	3218	-0.60206	-1	-1	-1
3220	3222	-1	-1	-1	-1
3224	3226	-1	-1	-1	-1
3228	3230	-1	-1	-1	-1
3232	3234	-1	-1	-1	-1
3236	3238	-0.60206	-1	-1	-1
3240	3242	-1	-1	-1	-1
3244	3246	-1	-1	-1	-1
3248	3250	-0.60206	-1	-1	-1
3252	3254	-0.60206	-1	-1	-1
3256	3258	-1	-1	-1	-1
3260	3262	-1	-1	-1	-1
3264	3266	-1	-1	-1	-1
3268	3270	-0.60206	-1	-1	-1
3272	3274	-1	-1	-1	-1
3276	3278	-1	-1	-1	-1
3280	3282	-1	-1	-1	-1
3284	3286	-0.60206	-1	-1	-1
3288	3290	-0.60206	-1	-1	-1
3292	3294	-0.60206	-1	-1	-1
3296	3298	-0.30103	-1	-1	-1
3300	3302	-1	-1	-1	-1
3304	3306	-1	-1	-1	-1
3308	3310	-1	-1	-1	-1
3312	3314	-1	-1	-1	-1
3316	3318	-1	-1	-1	-1
3320	3322	-1	-1	-1	-1
3324	3326	-0.30103	-1	-1	-1
3328	3330	-1	-1	-1	-1
3332	3334	-1	-1	-1	-1
3336	3338	-1	-1	-1	-1
3340	3342	-1	-1	-1	-1
3344	3346	-0.60206	-1	-1	-1
3348	3350	-0.60206	-1	-1	-1
3352	3354	-0.30103	-1	-1	-1
3356	3358	-0.60206	-1	-1	-1
3360	3362	-1	-1	-1	-1
3364	3366	-1	-1	-1	-1
3368	3370	-0.60206	-1	-1	-1
3372	3374	-1	-1	-1	-1
3376	3378	-0.60206	-1	-1	-1
3380	3382	-1	-1	-1	-1
3384	3386	-0.60206	-1	-1	-1
3388	3390	-1	-1	-1	-1
3392	3394	-0.60206	-1	-1	-1
3396	3398	-1	-1	-1	-1
3400	3402	-1	-1	-1	-1
3404	3406	-0.60206	-1	-1	-1
3408	3410	-0.60206	-1	-1	-1
3412	3414	-0.60206	-1	-1	-1
3416	3418	-1	-1	-1	-1
3420	3422	-1	-1	-1	-1
3424	3426	-0.30103	-1	-1	-1
3428	3430	-1	-1	-1	-1
3432	3434	-1	-1	-1	-1
3436	3438	-0.60206	-1	-1	-1
3440	3442	-1	-1	-1	-1
3444	3446	-0.60206	-1	-1	-1
3448	3450	-1	-1	-1	-1
3452	3454	-1	-1	-1	-1
3456	3458	-1	-1	-1	-1
3460	3462	-1	-1	-1	-1
3464	3466	-1	-1	-1	-1
3468	3470	-0.60206	-1	-1	-1
3472	3474	-0.60206	-1	-1	-1
3476	3478	-1	-1	-1	-1
3480	3482	-1	-1	-1	-1
3484	3486	-0.60206	-1	-1	-1
3488	3490	-0.60206	-1	-1	-1
3492	3494	-1	-1	-1	-1
3496	3498	-0.60206	-1	-1	-1
3500	3502	-1	-1	-1	-1
3504	3506	-0.30103	-1	-1	-1
3508	3510	-1	-1	-1	-1
3512	3514	-1	-1	-1	-1
3516	3518	-0.60206	-1	-1	-1
3520	3522	-0.60206	-1	-1	-1
3524	3526	-1	-1	-1	-1
3528	3530	-0.60206	-1	-1	-1
3532	3534	-1	-1	-1	-1
3536	3538	-1	-1	-1	-1
3540	3542	-1	-1	-1	-1
3544	3546	-0.30103	-1	-1	-1
3548	3550	-1	-1	-1	-1
3552	3554	-1	-1	-1	-1
3556	3558	-1	-1	-1	-1
3560	3562	-0.30103	-1	-1	-1
3564	3566	-1	-1	-1	-1
3568	3570	-1	-1	-1	-1
3572	3574	-1	-1	-1	-1
3576	3578	-0.60206	-1	-1	-1
3580	3582	-1	-1	-1	-1
3584	3586	-1	-1	-1	-1
3588	3590	-0.60206	-1	-1	-1
3592	3594	-0.124939	-1	-1	-1
3596	3598	-1	-1	-1	-1
3600	3602	-0.60206	-1	-1	-1
3604	3606	-1	-1	-1	-1
3608	3610	-0.30103	-1	-1	-1
3612	3614	-0.60206	-1	-1	-1
3616	3618	-0.60206	-1	-1	-1
3620	3622	-1	-1	-1	-1
3624	3626	-0.60206	-1	-1	-1
3628	3630	-0.60206	-1	-1	-1
3632	3634	-1	-1	-1	-1
3636	3638	-0.60206	-1	-1	-1
3640	3642	-1	-1	-1	-1
3644	3646	-1	-1	-1	-1
3648	3650	-1	-1	-1	-1
3652	3654	-0.60206	-1	-1	-1
3656	3658	-1	-1	-1	-1
3660	3662	-1	-1	-1	-1
3664	3666	0.09691	-1	-1	-1
3668	3670	-1	-1	-1	-1
3672	3674	-1	-1	-1	-1
3676	3678	-0.60206	-1	-1	-1
3680	3682	-1	-1	-1	-1
3684	3686	-0.60206	-1	-1	-1
3688	3690	-1	-1	-1	-1
3692	3694	-0.60206	-1	-1	-1
3696	3698	-0.60206	-1	-1	-1
3700	3702	-0.30103	-1	-1	-1
3704	3706	-1	-1	-1	-1
3708	3710	-0.60206	-1	-1	-1
3712	3714	-1	-1	-1	-1
3716	3718	-1	-1	-1	-1
3720	3722	-1	-1	-1	-1
3724	3726	-1	-1	-1	-1
3728	3730	-0.60206	-1	-1	-1
3732	3734	-1	-1	-1	-1
3736	3738	-1	-1	-1	-1
3740	3742	-0.30103	-1	-1	-1
3744	3746	-1	-1	-1	-1
3748	3750	-1	-1	-1	-1
3752	3754	-0.60206	-1	-1	-1
3756	3758	-1	-1	-1	-1
3760	3762	-1	-1	-1	-1
3764	3766	-0.30103	-1	-1	-1
3768	3770	-0.60206	-1	-1	-1
3772	3774	-0.60206	-1	-1	-1
3776	3778	-0.30103	-1	-1	-1
3780	3782	-0.60206	-1	-1	-1
3784	3786	-0.60206	-1	-1	-1
3788	3790	-1	-1	-1	-1
3792	3794	-1	-1	-1	-1
3796	3798	-0.30103	-1	-1	-1
3800	3802	-1	-1	-1	-1
3804	3806	-1	-1	-1	-1
3808	3810	-0.60206	-1	-1	-1
3812	3814	-0.30103	-1	-1	-1
3816	3818	-1	-1	-1	-1
3820	3822	-1	-1	-1	-1
3824	3826	-0.30103	-1	-1	-1
3828	3830	-1	-1	-1	-1
3832	3834	-0.60206	-1	-1	-1
3836	3838	-0.60206	-1	-1	-1
3840	3842	-1	-1	-1	-1
3844	3846	-1	-1	-1	-1
3848	3850	-1	-1	-1	-1
3852	3854	-1	-1	-1	-1
3856	3858	-1	-1	-1	-1
3860	3862	-1	-1	-1	-1
3864	3866	-1	-1	-1	-1
3868	3870	-1	-1	-1	-1
3872	3874	-0.30103	-1	-1	-1
3876	3878	-1	-1	-1	-1
3880	3882	-0.60206	-1	-1	-1
3884	3886	-1	-1	-1	-1
3888	3890	-1	-1	-1	-1
3892	3894	-0.60206	-1	-1	-1
3896	3898	-1	-1	-1	-1
3900	3902	-1	-1	-1	-1
3904	3906	-1	-1	-1	-1
3908	3910	-1	-1	-1	-1
3912	3914	-0.60206	-1	-1	-1
3916	3918	-0.60206	-1	-1	-1
3920	3922	-0.60206	-1	-1	-1
3924	3926	-1	-1	-1	-1
3928	3930	-1	-1	-1	-1
3932	3934	-1	-1	-1	-1
3936	3938	-1	-1	-1	-1
3940	3942	-0.30103	-1	-1	-1
3944	3946	-1	-1	-1	-1
3948	3950	-0.30103	-1	-1	-1
3952	3954	-1	-1	-1	-1
3956	3958	-0.30103	-1	-1	-1
3960	3962	-1	-1	-1	-1
3964	3966	-0.30103	-1	-1	-1
3968	3970	-1	-1	-1	-1
3972	3974	-0.60206	-1	-1	-1
3976	3978	-1	-1	-1	-1
3980	3982	-1	-1	-1	-1
3984	3986	-0.124939	-1	-1	-1
3988	3990	-1	-1	-1	-1
3992	3994	-0.124939	-1	-1	-1
3996	3998	-1	-1	-1	-1
4000	4002	-1	-1	-1	-1
4004	4006	-1	-1	-1	-1
4008	4010	-0.30103	-1	-1	-1
4012	4014	-1	-1	-1	-1
4016	4018	-1	-1	-1	-1
4020	4022	-0.60206	-1	-1	-1
4024	4026	-0.30103	-1	-1	-1
4028	4030	-0.30103	-1	-1	-1
4032	4034	-0.60206	-1	-1	-1
4036	4038	-1	-1	-1	-1
4040	4042	-1	-1	-1	-1
4044	4046	-1	-1	-1	-1
4048	4050	-1	-1	-1	-1
4052	4054	-1	-1	-1	-1
4056	4058	-0.60206	-1	-1	-1
4060	4062	-1	-1	-1	-1
4064	4066	-1	-1	-1	-1
4068	4070	-1	-1	-1	-1
4072	4074	-0.60206	-1	-1	-1
4076	4078	-1	-1	-1	-1
4080	4082	-1	-1	-1	-1
4084	4086	-1	-1	-1	-1
4088	4090	-1	-1	-1	-1
4092	4094	-1	-1	-1	-1
4096	4098	-0.60206	-1	-1	-1
4100	4102	-1	-1	-1	-1
4104	4106	-1	-1	-1	-1
4108	4110	-1	-1	-1	-1
4112	4114	-1	-1	-1	-1
4116	4118	-1	-1	-1	-1
4120	4122	-1	-1	-1	-1
4124	4126	-1	-1	-1	-1
4128	4130	-1	-1	-1	-1
4132	4134	-0.60206	-1	-1	-1
4136	4138	-1	-1	-1	-1
4140	4142	-1	-1	-1	-1
4144	4146	-0.60206	-1	-1	-1
4148	4150	-1	-1	-1	-1
4152	4154	-1	-1	-1	-1
4156	4158	-0.60206	-1	-1	-1
4160	4162	-1	-1	-1	-1
4164	4166	-0.60206	-1	-1	-1
4168	4170	-0.60206	-1	-1	-1
4172	4174	-0.60206	-1	-1	-1
4176	4178	-1	-1	-1	-1
4180	4182	-0.60206	-1	-1	-1
4184	4186	-0.60206	-1	-1	-1
4188	4190	-1	-1	-1	-1
4192	4194	-1	-1	-1	-1
4196	4198	-1	-1	-1	-1
4200	4202	-1	-1	-1	-1
4204	4206	-1	-1	-1	-1
4208	4210	-0.30103	-1	-1	-1
4212	4214	-1	-1	-1	-1
4216	4218	-1	-1	-1	-1
4220	4222	-0.60206	-1	-1	-1
4224	4226	-1	-1	-1	-1
4228	4230	-0.30103	-1	-1	-1
4232	4234	-0.60206	-1	-1	-1
4236	4238	-0.60206	-1	-1	-1
4240	4242	-0.30103	-1	-1	-1
4244	4246	-0.60206	-1	-1	-1
4248	4250	-0.60206	-1	-1	-1
4252	4254	-0.30103	-1	-1	-1
4256	4258	-1	-1	-1	-1
4260	4262	-1	-1	-1	-1
4264	4266	-0.60206	-1	-1	-1
4268	4270	-0.60206	-1	-1	-1
4272	4274	-1	-1	-1	-1
4276	4278	-1	-1	-1	-1
4280	4282	-0.60206	-1	-1	-1
4284	4286	-0.60206	-1	-1	-1
4288	4290	-1	-1	-1	-1
4292	4294	-0.60206	-1	-1	-1
4296	4298	-0.60206	-1	-1	-1
4300	4302	-1	-1	-1	-1
4304	4306	-0.30103	-1	-1	-1
4308	4310	-0.60206	-1	-1	-1
4312	4314	-0.60206	-1	-1	-1
4316	4318	-1	-1	-1	-1
4320	4322	-0.124939	-1	-1	-1
4324	4326	-1	-1	-1	-1
4328	4330	-1	-1	-1	-1
4332	4334	-0.60206	-1	-1	-1
4336	4338	-1	-1	-1	-1
4340	4342	-0.60206	-1	-1	-1
4344	4346	-0.60206	-1	-1	-1
4348	4350	-0.124939	-1	-1	-1
4352	4354	-0.60206	-1	-1	-1
4356	4358	-0.60206	-1	-1	-1
4360	4362	-0.60206	-1	-1	-1
4364	4366	-1	-1	-1	-1
4368	4370	-1	-1	-1	-1
4372	4374	-1	-1	-1	-1
4376	4378	-1	-1	-1	-1
4380	4382	-1	-1	-1	-1
4384	4386	-0.60206	-1	-1	-1
4388	4390	-1	-1	-1	-1
4392	4394	-0.30103	-1	-1	-1
4396	4398	-0.60206	-1	-1	-1
4400	4402	-0.60206	-1	-1	-1
4404	4406	-0.60206	-1	-1	-1
4408	4410	-0.60206	-1	-1	-1
4412	4414	-0.60206	-1	-1	-1
4416	4418	-0.60206	-1	-1	-1
4420	4422	-0.60206	-1	-1	-1
4424	4426	-0.60206	-1	-1	-1
4428	4430	-0.60206	-1	-1	-1
4432	4434	-0.60206	-1	-1	-1
4436	4438	-0.60206	-1	-1	-1
4440	4442	-0.60206	-1	-1	-1
4444	4446	-1	-1	-1	-1
4448	4450	-1	-1	-1	-1
4452	4454	-0.60206	-1	-1	-1
4456	4458	-0.30103	-1	-1	-1
4460	4462	-1	-1	-1	-1
4464	4466	-1	-1	-1	-1
4468	4470	-1	-1	-1	-1
4472	4474	-0.30103	-1	-1	-1
4476	4478	-0.60206	-1	-1	-1
4480	4482	-1	-1	-1	-1
4484	4486	-0.60206	-1	-1	-1
4488	4490	-1	-1	-1	-1
4492	4494	-1	-1	-1	-1
4496	4498	-1	-1	-1	-1
4500	4502	-1	-1	-1	-1
4504	4506	-1	-1	-1	-1
4508	4510	-1	-1	-1	-1
4512	4514	-0.60206	-1	-1	-1
4516	4518	-1	-1	-1	-1
4520	4522	-0.30103	-1	-1	-1
4524	4526	-1	-1	-1	-1
4528	4530	-0.30103	-1	-1	-1
4532	4534	-1	-1	-1	-1
4536	4538	-0.60206	-1	-1	-1
4540	4542	-0.30103	-1	-1	-1
4544	4546	-0.60206	-1	-1	-1
4548	4550	-0.60206	-1	-1	-1
4552	4554	-1	-1	-1	-1
4556	4558	-0.60206	-1	-1	-1
4560	4562	-0.60206	-1	-1	-1
4564	4566	-1	-1	-1	-1
4568	4570	-1	-1	-1	-1
4572	4574	-0.30103	-1	-1	-1
4576	4578	-0.30103	-1	-1	-1
4580	4582	-0.30103	-1	-1	-1
4584	4586	-0.30103	-1	-1	-1
4588	4590	-1	-1	-1	-1
4592	4594	-0.60206	-1	-1	-1
4596	4598	-0.60206	-1	-1	-1
4600	4602	-0.60206	-1	-1	-1
4604	4606	-0.60206	-1	-1	-1
4608	4610	-0.30103	-1	-1	-1
4612	4614	-0.30103	-1	-1	-1
4616	4618	-1	-1	-1	-1
4620	4622	-0.60206	-1	-1	-1
4624	4626	-0.30103	-1	-1	-1
4628	4630	-0.30103	-1	-1	-1
4632	4634	-1	-1	-1	-1
4636	4638	-1	-1	-1	-1
4640	4642	-0.60206	-1	-1	-1
4644	4646	-1	-1	-1	-1
4648	4650	-0.30103	-1	-1	-1
4652	4654	-0.60206	-1	-1	-1
4656	4658	-1	-1	-1	-1
4660	4662	-0.60206	-1	-1	-1
4664	4666	-0.60206	-1	-1	-1
4668	4670	-0.30103	-1	-1	-1
4672	4674	-0.60206	-1	-1	-1
4676	4678	-0.30103	-1	-1	-1
4680	4682	-1	-1	-1	-1
4684	4686	-1	-1	-1	-1
4688	4690	-0.60206	-1	-1	-1
4692	4694	-1	-1	-1	-1
4696	4698	-0.30103	-1	-1	-1
4700	4702	-0.60206	-1	-1	-1
4704	4706	-0.60206	-1	-1	-1
4708	4710	-0.60206	-1	-1	-1
4712	4714	-1	-1	-1	-1
4716	4718	0.09691	-1	-1	-1
4720	4722	-0.60206	-1	-1	-1
4724	4726	-0.60206	-1	-1	-1
4728	4730	-1	-1	-1	-1
4732	4734	-0.124939	-1	-1	-1
4736	4738	-1	-1	-1	-1
4740	4742	-0.30103	-1	-1	-1
4744	4746	0	-1	-1	-1
4748	4750	-0.30103	-1	-1	-1
4752	4754	-0.60206	-1	-1	-1
4756	4758	-1	-1	-1	-1
4760	4762	-1	-1	-1	-1
4764	4766	-0.124939	-1	-1	-1
4768	4770	0	-1	-1	-1
4772	4774	0	-1	-1	-1
4776	4778	-0.30103	-1	-1	-1
4780	4782	-1	-1	-1	-1
4784	4786	-1	-1	-1	-1
4788	4790	-1	-1	-1	-1
4792	4794	-0.30103	-1	-1	-1
4796	4798	-0.30103	-1	-1	-1
4800	4802	-1	-1	-1	-1
4804	4806	-0.124939	-1	-1	-1
4808	4810	-0.124939	-1	-1	-1
4812	4814	-0.30103	-1	-1	-1
4816	4818	-0.60206	-1	-1	-1
4820	4822	-1	-1	-1	-1
4824	4826	-1	-1	-1	-1
4828	4830	-1	-1	-1	-1
4832	4834	-0.60206	-1	-1	-1
4836	4838	-0.60206	-1	-1	-1
4840	4842	-0.30103	-1	-1	-1
4844	4846	-0.124939	-1	-1	-1
4848	4850	-0.60206	-1	-1	-1
4852	4854	-1	-1	-1	-1
4856	4858	-0.124939	-1	-1	-1
4860	4862	-0.124939	-1	-1	-1
4864	4866	-0.30103	-1	-1	-1
4868	4870	-1	-1	-1	-1
4872	4874	-0.124939	-1	-1	-1
4876	4878	-0.30103	-1	-1	-1
4880	4882	0	-1	-1	-1
4884	4886	0	-1	-1	-1
4888	4890	-0.30103	-1	-1	-1
4892	4894	0	-1	-1	-1
4896	4898	-1	-1	-1	-1
4900	4902	-0.124939	-1	-1	-1
4904	4906	0	-1	-1	-1
4908	4910	-1	-1	-1	-1
4912	4914	-0.60206	-1	-1	-1
4916	4918	-0.124939	-1	-1	-1
4920	4922	-1	-1	-1	-1
4924	4926	-1	-1	-1	-1
4928	4930	-0.30103	-1	-1	-1
4932	4934	0	-1	-1	-1
4936	4938	-0.30103	-1	-1	-1
4940	4942	-1	-1	-1	-1
4944	4946	0	-1	-1	-1
4948	4950	-0.60206	-1	-1	-1
4952	4954	-0.60206	-1	-1	-1
4956	4958	0	-1	-1	-1
4960	4962	0	-1	-1	-1
4964	4966	0.09691	-1	-1	-1
4968	4970	-0.124939	-1	-1	-1
4972	4974	-0.60206	-1	-1	-1
4976	4978	0.09691	-1	-1	-1
4980	4982	-0.30103	-1	-1	-1
4984	4986	-0.124939	-1	-1	-1
4988	4990	-0.30103	-1	-1	-1
4992	4994	0	-1	-1	-1
4996	4998	0.09691	-1	-1	-1
5000	5002	-0.60206	-1	-1	-1
5004	5006	0	-1	-1	-1
5008	5010	0.176091	-1	-1	-1
5012	5014	0	-1	-1	-1
5016	5018	-0.60206	-1	-1	-1
5020	5022	-0.124939	-1	-1	-1
5024	5026	-0.124939	-1	-1	-1
5028	5030	-1	-1	-1	-1
5032	5034	-0.124939	-1	-1	-1
5036	5038	0	-1	-1	-1
5040	5042	-0.124939	-1	-1	-1
5044	5046	-0.30103	-1	-1	-1
5048	5050	0	-1	-1	-1
5052	5054	-0.124939	-1	-1	-1
5056	5058	-0.30103	-1	-1	-1
5060	5062	0.30103	-1	-1	-1
5064	5066	0.09691	-1	-1	-1
5068	5070	-0.124939	-1	-1	-1
5072	5074	-0.30103	-1	-1	-1
5076	5078	-0.30103	-1	-1	-1
5080	5082	0	-1	-1	-1
5084	5086	0.243038	-1	-1	-1
5088	5090	0	-1	-1	-1
5092	5094	0.09691	-1	-1	-1
5096	5098	0.09691	-1	-1	-1
5100	5102	0	-1	-1	-1
5104	5106	0.352183	-1	-1	-1
5108	5110	0.176091	-1	-1	-1
5112	5114	0.176091	-1	-1	-1
5116	5118	0.243038	-1	-1	-1
5120	5122	0.511883	-1	-1	-1
5124	5126	-0.124939	-1	-1	-1
5128	5130	-0.124939	-1	-1	-1
5132	5134	0.352183	-1	-1	-1
5136	5138	0.09691	-1	-1	-1
5140	5142	0.30103	-1	-1	-1
5144	5146	0.477121	-1	-1	-1
5148	5150	0.439333	-1	-1	-1
5152	5154	0.243038	-1	-1	-1
5156	5158	0.176091	-1	-1	-1
5160	5162	0.439333	-1	-1	-1
5164	5166	0.243038	-1	-1	-1
5168	5170	0.176091	-1	-1	-1
5172	5174	0.243038	-1	-1	-1
5176	5178	0.09691	-1	-1	-1
5180	5182	0.243038	-1	-1	-1
5184	5186	0.243038	-1	-1	-1
5188	5190	0.30103	-1	-1	-1
5192	5194	0.30103	-1	-1	-1
5196	5198	-0.30103	-1	-1	-1
5200	5202	-0.60206	-1	-1	-1
5204	5206	-0.60206	-1	-1	-1
5208	5210	-1	-1	-1	-1
5212	5214	-0.30103	-1	-1	-1
5216	5218	-0.124939	-1	-1	-1
5220	5222	-1	-1	-1	-1
5224	5226	-1	-1	-1	-1
5228	5230	-1	-1	-1	-1
5232	5234	-1	-1	-1	-1
5236	5238	-1	-1	-1	-1
5240	5242	-1	-1	-1	-1
5244	5246	-1	-1	-1	-1
5248	5250	-1	-1	-1	-1
5252	5254	-0.60206	-1	-1	-1
5256	5258	-0.60206	-1	-1	-1
5260	5262	-0.60206	-1	-1	-1
5264	5266	-1	-1	-1	-1
5268	5270	-1	-1	-1	-1
5272	5274	-1	-1	-1	-1
5276	5278	-1	-1	-1	-1
5280	5282	-1	-1	-1	-1
5284	5286	-1	-1	-1	-1
5288	5290	-1	-1	-1	-1
5292	5294	-1	-1	-1	-1
5296	5298	-1	-1	-1	-1
5300	5302	-1	-1	-1	-1
5304	5306	-1	-1	-1	-1
5308	5310	-1	-1	-1	-1
5312	5314	-1	-1	-1	-1
5316	5318	-1	-1	-1	-1
5320	5322	-1	-1	-1	-1
5324	5326	-1	-1	-1	-1
5328	5330	-1	-1	-1	-1
5332	5334	-1	-1	-1	-1
5336	5338	-1	-1	-1	-1
5340	5342	-1	-1	-1	-1
5344	5346	-1	-1	-1	-1
5348	5350	-1	-1	-1	-1
5352	5354	-1	-1	-1	-1
5356	5358	-1	-1	-1	-1
5360	5362	-1	-1	-1	-1
5364	5366	-1	-1	-1	-1
5368	5370	-1	-1	-1	-1
5372	5374	-1	-1	-1	-1
5376	5378	-1	-1	-1	-1
5380	5382	-1	-1	-1	-1
5384	5386	-1	-1	-1	-1
5388	5390	-1	-1	-1	-1
5392	5394	-1	-1	-1	-1
5396	5398	-1	-1	-1	-1
5400	5402	-1	-1	-1	-1
5404	5406	-1	-1	-1	-1
5408	5410	-1	-1	-1	-1
5412	5414	-1	-1	-1	-1
5416	5418	-1	-1	-1	-1
5420	5422	-1	-1	-1	-1
5424	5426	-1	-1	-1	-1
5428	5430	-1	-1	-1	-1
5432	5434	-1	-1	-1	-1
5436	5438	-1	-1	-1	-1
5440	5442	-1	-1	-1	-1
5444	5446	-1	-1	-1	-1
5448	5450	-1	-1	-1	-1
5452	5454	-1	-1	-1	-1
5456	5458	-1	-1	-1	-1
5460	5462	-1	-1	-1	-1
5464	5466	-1	-1	-1	-1
5468	5470	-1	-1	-1	-1
5472	5474	-1	-1	-1	-1
5476	5478	-1	-1	-1	-1
5480	5482	-1	-1	-1	-1
5484	5486	-1	-1	-1	-1
5488	5490	-1	-1	-1	-1
5492	5494	-1	-1	-1	-1
5496	5498	-1	-1	-1	-1
5500	5502	-1	-1	-1	-1
5504	5506	-1	-1	-1	-1
5508	5510	-1	-1	-1	-1
5512	5514	-1	-1	-1	-1
5516	5518	-1	-1	-1	-1
5520	5522	-1	-1	-1	-1
5524	5526	-1	-1	-1	-1
5528	5530	-1	-1	-1	-1
5532	5534	-1	-1	-1	-1
5536	5538	-1	-1	-1	-1
5540	5542	-1	-1	-1	-1
5544	5546	-1	-1	-1	-1
5548	5550	-1	-1	-1	-1
5552	5554	-1	-1	-1	-1
5556	5558	-1	-1	-1	-1
5560	5562	-1	-1	-1	-1
5564	5566	-1	-1	-1	-1
5568	5570	-1	-1	-1	-1
5572	5574	-1	-1	-1	-1
5576	5578	-1	-1	-1	-1
5580	5582	-1	-1	-1	-1
5584	5586	-1	-1	-1	-1
5588	5590	-1	-1	-1	-1
5592	5594	-1	-1	-1	-1
5596	5598	-1	-1	-1	-1
5600	5602	-1	-1	-1	-1
5604	5606	-1	-1	-1	-1
5608	5610	-1	-1	-1	-1
5612	5614	-1	-1	-1	-1
5616	5618	-1	-1	-1	-1
5620	5622	-1	-1	-1	-1
5624	5626	-1	-1	-1	-1
5628	5630	-1	-1	-1	-1
5632	5634	-1	-1	-1	-1
5636	5638	-1	-1	-1	-1
5640	5642	-1	-1	-1	-1
5644	5646	-1	-1	-1	-1
5648	5650	-1	-1	-1	-1
5652	5654	-1	-1	-1	-1
5656	5658	-1	-1	-1	-1
5660	5662	-1	-1	-1	-1
5664	5666	-1	-1	-1	-1
5668	5670	-1	-1	-1	-1
5672	5674	-1	-1	-1	-1
5676	5678	-1	-1	-1	-1
5680	5682	-1	-1	-1	-1
5684	5686	-1	-1	-1	-1
5688	5690	-1	-1	-1	-1
5692	5694	-1	-1	-1	-1
5696	5698	-1	-1	-1	-1
5700	5702	-1	-1	-1	-1
5704	5706	-1	-1	-1	-1
5708	5710	-1	-1	-1	-1
5712	5714	-1	-1	-1	-1
5716	5718	-1	-1	-1	-1
5720	5722	-1	-1	-1	-1
5724	5726	-1	-1	-1	-1
5728	5730	-1	-1	-1	-1
5732	5734	-1	-1	-1	-1
5736	5738	-1	-1	-1	-1
5740	5742	-1	-1	-1	-1
5744	5746	-1	-1	-1	-1
5748	5750	-1	-1	-1	-1
5752	5754	-1	-1	-1	-1
5756	5758	-1	-1	-1	-1
5760	5762	-1	-1	-1	-1
5764	5766	-1	-1	-1	-1
5768	5770	-1	-1	-1	-1
5772	5774	-1	-1	-1	-1
5776	5778	-1	-1	-1	-1
5780	5782	-1	-1	-1	-1
5784	5786	-1	-1	-1	-1
5788	5790	-1	-1	-1	-1
5792	5794	-1	-1	-1	-1
5796	5798	-1	-1	-1	-1
5800	5802	-1	-1	-1	-1
5804	5806	-1	-1	-1	-1
5808	5810	-1	-1	-1	-1
5812	5814	-1	-1	-1	-1
5816	5818	-1	-1	-1	-1
5820	5822	-1	-1	-1	-1
5824	5826	-1	-1	-1	-1
5828	5830	-1	-1	-1	-1
5832	5834	-1	-1	-1	-1
5836	5838	-1	-1	-1	-1
5840	5842	-1	-1	-1	-1
5844	5846	-1	-1	-1	-1
5848	5850	-1	-1	-1	-1
5852	5854	-1	-1	-1	-1
5856	5858	-1	-1	-1	-1
5860	5862	-1	-1	-1	-1
5864	5866	-1	-1	-1	-1
5868	5870	-1	-1	-1	-1
5872	5874	-1	-1	-1	-1
5876	5878	-1	-1	-1	-1
5880	5882	-1	-1	-1	-1
5884	5886	-1	-1	-1	-1
5888	5890	-1	-1	-1	-1
5892	5894	-1	-1	-1	-1
5896	5898	-1	-1	-1	-1
5900	5902	-1	-1	-1	-1
5904	5906	-1	-1	-1	-1
5908	5910	-1	-1	-1	-1
5912	5914	-1	-1	-1	-1
5916	5918	-1	-1	-1	-1
5920	5922	-1	-1	-1	-1
5924	5926	-1	-1	-1	-1
5928	5930	-1	-1	-1	-1
5932	5934	-1	-1	-1	-1
5936	5938	-1	-1	-1	-1
5940	5942	-1	-1	-1	-1
5944	5946	-1	-1	-1	-1
5948	5950	-1	-1	-1	-1
5952	5954	-1	-1	-1	-1
5956	5958	-1	-1	-1	-1
5960	5962	-1	-1	-1	-1
5964	5966	-1	-1	-1	-1
5968	5970	-1	-1	-1	-1
5972	5974	-1	-1	-1	-1
5976	5978	-1	-1	-1	-1
5980	5982	-1	-1	-1	-1
5984	5986	-1	-1	-1	-1
5988	5990	-1	-1	-1	-1
5992	5994	-1	-1	-1	-1
5996	5998	-1	-1	-1	-1
6000	6002	-1	-1	-1	-1
6004	6006	-1	-1	-1	-1
6008	6010	-1	-1	-1	-1
6012	6014	-1	-1	-1	-1
6016	6018	-1	-1	-1	-1
6020	6022	-1	-1	-1	-1
6024	6026	-1	-1	-1	-1
6028	6030	-1	-1	-1	-1
6032	6034	-1	-1	-1	-1
6036	6038	-1	-1	-1	-1
6040	6042	-1	-1	-1	-1
6044	6046	-1	-1	-1	-1
