0	4.26753
4	4.40229
8	4.52173
12	4.47067
16	4.48205
20	4.48748
24	4.4866
28	4.49265
32	4.49863
36	4.53592
40	4.5787
44	4.61311
48	4.65136
52	4.69421
56	4.72725
60	4.76672
64	4.79062
68	4.80361
72	4.82745
76	4.83497
80	4.84305
84	4.84054
88	4.84719
92	4.84676
96	4.84167
100	4.83594
104	4.82875
108	4.8188
112	4.81705
116	4.79581
120	4.78353
124	4.77236
128	4.76533
132	4.7494
136	4.73957
140	4.73046
144	4.71417
148	4.70189
152	4.68856
156	4.68196
160	4.66246
164	4.64087
168	4.63497
172	4.63132
176	4.61355
180	4.60035
184	4.59792
188	4.57671
192	4.56479
196	4.54547
200	4.54401
204	4.53636
208	4.53124
212	4.53872
216	4.52786
220	4.56241
224	4.55187
228	4.53478
232	4.51607
236	4.51469
240	4.4944
244	4.46481
248	4.46595
252	4.44057
256	4.43362
260	4.41778
264	4.41221
268	4.41291
272	4.4042
276	4.39409
280	4.3734
284	4.36955
288	4.36554
292	4.35181
296	4.35114
300	4.33387
304	4.33582
308	4.41651
312	4.59647
316	4.31647
320	4.33036
324	4.31835
328	4.31119
332	4.30196
336	4.29422
340	4.30601
344	4.27751
348	4.28836
352	4.2654
356	4.28415
360	4.27767
364	4.26327
368	4.26475
372	4.2698
376	4.25931
380	4.2598
384	4.25497
388	4.23454
392	4.26508
396	4.21587
400	4.23348
404	4.24065
408	4.22709
412	4.23048
416	4.22602
420	4.22007
424	4.23577
428	4.21952
432	4.2079
436	4.22386
440	4.21824
444	4.20678
448	4.21605
452	4.19269
456	4.20921
460	4.20434
464	4.20697
468	4.20566
472	4.22206
476	4.21861
480	4.20809
484	4.20622
488	4.21366
492	4.19827
496	4.18271
500	4.28556
504	4.2217
508	4.25814
512	4.20584
516	4.19094
520	4.2034
524	4.18684
528	4.18231
532	4.189
536	4.19366
540	4.19578
544	4.18724
548	4.19308
552	4.18231
556	4.18271
560	4.17086
564	4.18567
568	4.189
572	4.18251
576	4.18939
580	4.20622
584	4.1829
588	4.17491
592	4.18488
596	4.16533
600	4.17411
604	4.17853
608	4.1831
612	4.16389
616	4.18763
620	4.16821
624	4.15889
628	4.18231
632	4.18251
636	4.16389
640	4.16841
644	4.17753
648	4.17228
652	4.17873
656	4.16595
660	4.17451
664	4.16098
668	4.15342
672	4.16862
676	4.19133
680	4.16077
684	4.17005
688	4.1737
692	4.15848
696	4.19075
700	4.16984
704	4.17025
708	4.1737
712	4.1739
716	4.15764
720	4.1643
724	4.17893
728	4.153
732	4.16677
736	4.15596
740	4.15722
744	4.16161
748	4.16223
752	4.17471
756	4.17147
760	4.17511
764	4.16285
768	4.17753
772	4.15511
776	4.16389
780	4.168
784	4.15638
788	4.16882
792	4.15596
796	4.15045
800	4.18508
804	4.15889
808	4.16616
812	4.16306
816	4.16718
820	4.17127
824	4.17269
828	4.17289
832	4.15848
836	4.16616
840	4.17411
844	4.17572
848	4.15279
852	4.18092
856	4.17289
860	4.17188
864	4.18211
868	4.17249
872	4.17249
876	4.16636
880	4.17208
884	4.18251
888	4.1453
892	4.18191
896	4.18271
900	4.19133
904	4.16119
908	4.17289
912	4.16841
916	4.17632
920	4.16862
924	4.17147
928	4.17672
932	4.16964
936	4.18171
940	4.1888
944	4.17632
948	4.16181
952	4.16285
956	4.15215
960	4.16698
964	4.15638
968	4.18072
972	4.17086
976	4.17411
980	4.17733
984	4.17733
988	4.17309
992	4.16821
996	4.16098
1000	4.17228
1004	4.17813
1008	4.17733
1012	4.3
1016	4.18743
1020	4.18547
1024	4.18271
1028	4.17592
1032	4.16368
1036	4.1835
1040	4.17532
1044	4.18171
1048	4.19288
1052	4.17953
1056	4.18861
1060	4.19941
1064	4.20131
1068	4.17873
1072	4.18997
1076	4.20055
1080	4.17552
1084	4.19654
1088	4.1923
1092	4.19539
1096	4.21144
1100	4.19366
1104	4.19827
1108	4.20977
1112	4.21678
1116	4.19424
1120	4.20547
1124	4.20716
1128	4.2144
1132	4.21788
1136	4.21568
1140	4.22512
1144	4.19539
1148	4.22548
1152	4.21292
1156	4.21988
1160	4.23384
1164	4.23225
1168	4.24117
1172	4.22817
1176	4.23752
1180	4.22638
1184	4.24427
1188	4.22061
1192	4.25075
1196	4.25244
1200	4.24838
1204	4.24991
1208	4.2553
1212	4.26785
1216	4.27303
1220	4.26769
1224	4.26867
1228	4.26228
1232	4.27223
1236	4.27656
1240	4.29253
1244	4.28084
1248	4.28462
1252	4.29773
1256	4.30106
1260	4.30015
1264	4.30151
1268	4.3075
1272	4.30451
1276	4.31134
1280	4.31603
1284	4.33652
1288	4.32182
1292	4.33331
1296	4.35033
1300	4.32824
1304	4.26459
1308	4.23752
1312	4.21605
1316	4.18997
1320	4.19133
1324	4.17269
1328	4.18152
1332	4.16574
1336	4.16451
1340	4.15087
1344	4.15701
1348	4.14723
1352	4.14788
1356	4.14702
1360	4.13326
1364	4.11165
1368	4.12745
1372	4.10696
1376	4.10412
1380	4.08296
1384	4.05889
1388	4.07492
1392	4.05572
1396	4.05994
1400	4.02693
1404	4.01105
1408	3.98437
1412	3.98717
1416	3.98965
1420	3.96617
1424	3.94273
1428	3.96356
1432	3.95023
1436	3.91134
1440	3.92517
1444	3.92085
1448	3.92012
1452	3.89321
1456	3.88306
1460	3.93193
1464	3.89971
1468	3.90874
1472	3.89436
1476	3.9065
1480	3.90387
1484	3.90161
1488	3.87509
1492	3.86779
1496	3.8373
1500	3.88108
1504	3.84599
1508	3.86615
1512	3.84728
1516	3.82933
1520	4.97485
1524	5.48059
1528	4.05572
1532	3.82709
1536	3.83156
1540	3.81062
1544	3.83422
1548	3.82889
1552	3.81848
1556	3.82439
1560	3.80309
1564	3.81341
1568	3.80214
1572	3.81201
1576	3.79975
1580	3.81756
1584	3.82439
1588	3.79591
1592	3.78763
1596	3.79057
1600	3.77818
1604	3.79784
1608	3.78714
1612	3.77414
1616	3.81015
1620	3.80023
1624	3.78169
1628	3.76283
1632	3.793
1636	3.76595
1640	3.77617
1644	3.78069
1648	3.77109
1652	3.78119
1656	3.75283
1660	3.77363
1664	3.76179
1668	3.75122
1672	3.75759
1676	3.71731
1680	3.77717
1684	3.73487
1688	3.71441
1692	3.72985
1696	3.73984
1700	3.73265
1704	3.71266
1708	3.73543
1712	3.72985
1716	3.70795
1720	3.72476
1724	3.7038
1728	3.74367
1732	3.69354
1736	3.72419
1740	3.72076
1744	3.70499
1748	3.72872
1752	3.72646
1756	3.69779
1760	3.68365
1764	3.69415
1768	3.69047
1772	3.68739
1776	3.69109
1780	3.68115
1784	3.65458
1788	3.68552
1792	3.65324
1796	3.67926
1800	3.66253
1804	3.66384
1808	3.66253
1812	3.65257
1816	3.64717
1820	3.64101
1824	3.64238
1828	3.64717
1832	3.6417
1836	3.74908
1840	3.65458
1844	3.64581
1848	3.66055
1852	3.63476
1856	3.64307
1860	3.60734
1864	3.65055
1868	3.64581
1872	3.60209
1876	3.63616
1880	3.60209
1884	3.60284
1888	3.61252
1892	3.61764
1896	3.61104
1900	3.61982
1904	3.57083
1908	3.57083
1912	3.61104
1916	3.59295
1920	3.64581
1924	3.56921
1928	3.56676
1932	3.56512
1936	3.5914
1940	3.56348
1944	3.54753
1948	3.56512
1952	3.51836
1956	3.56265
1960	3.54839
1964	3.54753
1968	3.52381
1972	3.51098
1976	3.53802
1980	3.522
1984	3.556
1988	3.51191
1992	3.51005
1996	3.50537
2000	3.49968
2004	3.48611
2008	3.5211
2012	3.48611
2016	3.51005
2020	3.50537
2024	3.49777
2028	3.50063
2032	3.49777
2036	3.50348
2040	3.48314
2044	3.46698
2048	3.49197
2052	3.49197
2056	3.45339
2060	3.48314
2064	3.47614
2068	3.48512
2072	3.44589
2076	3.43936
2080	3.47514
2084	3.42825
2088	3.36541
2092	3.39797
2096	3.43384
2100	3.41104
2104	3.43936
2108	3.42373
2112	3.39434
2116	3.38821
2120	3.45233
2124	3.37058
2128	3.37823
2132	3.40515
2136	3.41338
2140	3.38821
2144	3.38325
2148	3.40277
2152	3.35355
2156	3.35355
2160	3.32023
2164	3.34409
2168	3.33721
2172	3.35754
2176	3.26655
2180	3.31149
2184	3.30705
2188	3.30556
2192	3.31879
2196	3.33998
2200	3.23436
2204	3.31149
2208	3.33022
2212	3.26655
2216	3.27464
2220	3.24991
2224	3.33721
2228	3.25329
2232	3.27464
2236	3.23787
2240	3.24479
2244	3.25997
2248	3.21458
2252	3.19192
2256	3.19192
2260	3.20902
2264	3.17411
2268	3.21274
2272	3.18606
2276	3.18606
2280	3.18211
2284	3.2015
2288	3.23436
2292	3.23436
2296	3.15553
2300	3.21642
2304	3.15973
2308	3.1227
2312	3.11813
2316	3.16595
2320	3.08471
2324	3.11813
2328	3.16181
2332	3.14702
2336	3.10884
2340	3.1227
2344	3.14052
2348	3.06698
2352	3.09452
2356	3.09694
2360	3.04306
2364	2.9878
2368	3.07212
2372	2.95894
2376	3.04306
2380	3.0772
2384	3.01193
2388	2.97521
2392	3.07466
2396	2.96552
2400	3.02064
2404	2.97521
2408	2.9878
2412	3.00003
2416	3.00602
2420	3.04032
2424	3.10884
2428	2.91721
2432	2.95561
2436	2.90613
2440	2.92445
2444	2.95226
2448	2.95226
2452	2.95226
2456	2.93858
2460	2.88306
2464	2.89475
2468	2.8545
2472	2.87105
2476	2.84167
2480	2.90613
2484	2.79106
2488	2.84599
2492	2.83289
2496	2.85027
2500	2.82394
2504	2.73929
2508	2.74476
2512	2.80071
2516	2.73376
2520	2.79591
2524	2.77617
2528	2.72816
2532	2.76075
2536	2.78119
2540	2.76595
2544	2.67418
2548	2.71673
2552	2.77617
2556	2.74476
2560	2.7109
2564	2.58986
2568	2.76075
2572	2.627
2576	2.65458
2580	2.64101
2584	2.58986
2588	2.50443
2592	2.76595
2596	2.64785
2600	2.58986
2604	2.50443
2608	2.49488
2612	2.61982
2616	2.699
2620	2.64785
2624	2.44373
2628	2.61982
2632	2.54064
2636	2.54064
2640	2.42145
2644	2.47514
2648	2.55767
2652	2.55767
2656	2.49488
2660	2.46492
2664	2.43273
2668	2.53186
2672	2.48512
2676	2.47514
2680	2.38574
2684	2.40987
2688	2.34682
2692	2.34682
2696	2.45445
2700	2.22188
2704	2.33303
2708	2.31879
2712	2.27303
2716	2.38574
2720	2.23961
2724	2.34682
2728	2.09694
2732	2.2034
2736	2.28883
2740	2.31879
2744	2.28883
2748	2.25664
2752	2.28883
2756	2.27303
2760	2.27303
2764	2.25664
2768	2.12042
2772	2.16389
2776	2.22188
2780	2.1427
2784	2.23961
2788	2.27303
2792	2.2034
2796	1.9878
2800	1.68677
2804	2.22188
2808	2.07212
2812	2.12042
2816	2.09694
2820	2.22188
2824	2.2034
2828	2.07212
2832	2.01776
2836	2.18409
2840	2.07212
2844	2.25664
2848	2.12042
2852	2.30407
2856	2.04579
2860	2.16389
2864	2.01776
2868	2.01776
2872	2.07212
2876	2.07212
2880	2.18409
2884	2.09694
2888	2.12042
2892	2.07212
2896	2.07212
2900	1.9878
2904	2.12042
2908	1.92085
2912	2.04579
2916	1.79591
2920	1.74476
2924	1.84167
2928	1.9878
2932	2.16389
2936	2.01776
2940	1.74476
2944	1.9878
2948	1.92085
2952	1.79591
2956	1.95561
2960	1.88306
2964	1.92085
2968	2.07212
2972	2.12042
2976	1.9878
2980	1.68677
2984	1.84167
2988	1.88306
2992	1.95561
2996	1.74476
3000	1.79591
3004	1.74476
3008	1.74476
3012	1.92085
3016	1.88306
3020	1.88306
3024	1.88306
3028	1.84167
3032	1.84167
3036	1.74476
3040	1.88306
3044	1.74476
3048	1.92085
3052	1.61982
3056	1.74476
3060	1.54064
3064	1.84167
3068	1.61982
3072	1.9878
3076	1.74476
3080	1.61982
3084	1.84167
3088	1.79591
3092	1.44373
3096	1.54064
3100	1.44373
3104	1.84167
3108	1.61982
3112	1.68677
3116	1.54064
3120	1.54064
3124	1.68677
3128	1.68677
3132	1.61982
3136	1.44373
3140	1.79591
3144	1.68677
3148	0.841667
3152	1.61982
3156	1.1427
3160	1.61982
3164	1.68677
3168	1.79591
3172	1.54064
3176	1.95561
3180	1.68677
3184	1.61982
3188	1.31879
3192	1.79591
3196	1.79591
3200	1.74476
3204	1.1427
3208	0.841667
3212	1.54064
3216	1.1427
3220	1.44373
3224	1.44373
3228	1.54064
3232	1.44373
3236	-10
3240	1.54064
3244	1.31879
3248	1.44373
3252	1.54064
3256	1.44373
3260	1.54064
3264	1.31879
3268	1.44373
3272	1.1427
3276	1.44373
3280	1.68677
3284	0.841667
3288	1.31879
3292	0.841667
3296	1.31879
3300	1.54064
3304	1.1427
3308	1.1427
3312	-10
3316	0.841667
3320	1.31879
3324	0.841667
3328	0.841667
3332	1.1427
3336	-10
3340	0.841667
3344	0.841667
3348	1.61982
3352	1.1427
3356	1.1427
3360	0.841667
3364	1.1427
3368	0.841667
3372	1.31879
3376	-10
3380	1.1427
3384	-10
3388	-10
3392	-10
3396	-10
3400	-10
3404	-10
3408	-10
3412	0.841667
3416	0.841667
3420	-10
3424	0.841667
3428	-10
3432	-10
3436	-10
3440	0.841667
3444	1.54064
3448	-10
3452	-10
3456	-10
3460	-10
3464	0.841667
3468	-10
3472	-10
3476	-10
3480	-10
3484	-10
3488	-10
3492	-10
3496	-10
3500	-10
3504	-10
3508	-10
3512	-10
3516	-10
3520	-10
3524	-10
3528	-10
3532	-10
3536	-10
3540	-10
3544	-10
3548	-10
3552	-10
3556	-10
3560	-10
3564	-10
3568	-10
3572	-10
3576	-10
3580	-10
3584	-10
3588	-10
3592	-10
3596	-10
3600	-10
3604	-10
3608	-10
3612	-10
3616	-10
3620	-10
3624	-10
3628	-10
3632	-10
3636	-10
3640	-10
3644	-10
3648	-10
3652	-10
3656	-10
3660	-10
3664	-10
3668	-10
3672	-10
3676	-10
3680	-10
3684	-10
3688	-10
3692	-10
3696	-10
3700	-10
3704	-10
3708	-10
3712	-10
3716	-10
3720	-10
3724	-10
3728	-10
3732	-10
3736	-10
3740	-10
3744	-10
3748	-10
3752	-10
3756	-10
3760	-10
3764	-10
3768	-10
3772	-10
3776	-10
3780	-10
3784	-10
3788	-10
3792	-10
3796	-10
3800	-10
3804	-10
3808	-10
3812	-10
3816	-10
3820	-10
3824	-10
3828	-10
3832	-10
3836	-10
3840	-10
3844	-10
3848	-10
3852	-10
3856	-10
3860	-10
3864	-10
3868	-10
3872	-10
3876	-10
3880	-10
3884	-10
3888	-10
3892	-10
3896	-10
3900	-10
3904	-10
3908	-10
3912	-10
3916	-10
3920	-10
3924	-10
3928	-10
3932	-10
3936	-10
3940	-10
3944	-10
3948	-10
3952	-10
3956	-10
3960	-10
3964	-10
3968	-10
3972	-10
3976	-10
3980	-10
3984	-10
3988	-10
3992	-10
3996	-10
4000	-10
4004	-10
4008	-10
4012	-10
4016	-10
4020	-10
4024	-10
4028	-10
4032	-10
4036	-10
4040	-10
4044	-10
4048	-10
4052	-10
4056	-10
4060	-10
4064	-10
4068	-10
4072	-10
4076	-10
4080	-10
4084	-10
4088	-10
4092	-10
4096	-10
4100	-10
4104	-10
4108	-10
4112	-10
4116	-10
4120	-10
4124	-10
4128	-10
4132	-10
4136	-10
4140	-10
4144	-10
4148	-10
4152	-10
4156	-10
4160	-10
4164	-10
4168	-10
4172	-10
4176	-10
4180	-10
4184	-10
4188	-10
4192	-10
4196	-10
4200	-10
4204	-10
4208	-10
4212	-10
4216	-10
4220	-10
4224	-10
4228	-10
4232	-10
4236	-10
4240	-10
4244	-10
4248	-10
4252	-10
4256	-10
4260	-10
4264	-10
4268	-10
4272	-10
4276	-10
4280	-10
4284	-10
4288	-10
4292	-10
4296	-10
4300	-10
4304	-10
4308	-10
4312	-10
4316	-10
4320	-10
4324	-10
4328	-10
4332	-10
4336	-10
4340	-10
4344	-10
4348	-10
4352	-10
4356	-10
4360	-10
4364	-10
4368	-10
4372	-10
4376	-10
4380	-10
4384	-10
4388	-10
4392	-10
4396	-10
4400	-10
4404	-10
4408	-10
4412	-10
4416	-10
4420	-10
4424	-10
4428	-10
4432	-10
4436	-10
4440	-10
4444	-10
4448	-10
4452	-10
4456	-10
4460	-10
4464	-10
4468	-10
4472	-10
4476	-10
4480	-10
4484	-10
4488	-10
4492	-10
4496	-10
4500	-10
4504	-10
4508	-10
4512	-10
4516	-10
4520	-10
4524	-10
4528	-10
4532	-10
4536	-10
4540	-10
4544	-10
4548	-10
4552	-10
4556	-10
4560	-10
4564	-10
4568	-10
4572	-10
4576	-10
4580	-10
4584	-10
4588	-10
4592	-10
4596	-10
4600	-10
4604	-10
4608	-10
4612	-10
4616	-10
4620	-10
4624	-10
4628	-10
4632	-10
4636	-10
4640	-10
4644	-10
4648	-10
4652	-10
4656	-10
4660	-10
4664	-10
4668	-10
4672	-10
4676	-10
4680	-10
4684	-10
4688	-10
4692	-10
4696	-10
4700	-10
4704	-10
4708	-10
4712	-10
4716	-10
4720	-10
4724	-10
4728	-10
4732	-10
4736	-10
4740	-10
4744	-10
4748	-10
4752	-10
4756	-10
4760	-10
4764	-10
4768	-10
4772	-10
4776	-10
4780	-10
4784	-10
4788	-10
4792	-10
4796	-10
4800	-10
4804	-10
4808	-10
4812	-10
4816	-10
4820	-10
4824	-10
4828	-10
4832	-10
4836	-10
4840	-10
4844	-10
4848	-10
4852	-10
4856	-10
4860	-10
4864	-10
4868	-10
4872	-10
4876	-10
4880	-10
4884	-10
4888	-10
4892	-10
4896	-10
4900	-10
4904	-10
4908	-10
4912	-10
4916	-10
4920	-10
4924	-10
4928	-10
4932	-10
4936	-10
4940	-10
4944	-10
4948	-10
4952	-10
4956	-10
4960	-10
4964	-10
4968	-10
4972	-10
4976	-10
4980	-10
4984	-10
4988	-10
4992	-10
4996	-10
5000	-10
5004	-10
5008	-10
5012	-10
5016	-10
5020	-10
5024	-10
5028	-10
5032	-10
5036	-10
5040	-10
5044	-10
5048	-10
5052	-10
5056	-10
5060	-10
5064	-10
5068	-10
5072	-10
5076	-10
5080	-10
5084	-10
5088	-10
5092	-10
5096	-10
5100	-10
5104	-10
5108	-10
5112	-10
5116	-10
5120	-10
5124	-10
5128	-10
5132	-10
5136	-10
5140	-10
5144	-10
5148	-10
5152	-10
5156	-10
5160	-10
5164	-10
5168	-10
5172	-10
5176	-10
5180	-10
5184	-10
5188	-10
5192	-10
5196	-10
5200	-10
5204	-10
5208	-10
5212	-10
5216	-10
5220	-10
5224	-10
5228	-10
5232	-10
5236	-10
5240	-10
5244	-10
5248	-10
5252	-10
5256	-10
5260	-10
5264	-10
5268	-10
5272	-10
5276	-10
5280	-10
5284	-10
5288	-10
5292	-10
5296	-10
5300	-10
5304	-10
5308	-10
5312	-10
5316	-10
5320	-10
5324	-10
5328	-10
5332	-10
5336	-10
5340	-10
5344	-10
5348	-10
5352	-10
5356	-10
5360	-10
5364	-10
5368	-10
5372	-10
5376	-10
5380	-10
5384	-10
5388	-10
5392	-10
5396	-10
5400	-10
5404	-10
5408	-10
5412	-10
5416	-10
5420	-10
5424	-10
5428	-10
5432	-10
5436	-10
5440	-10
5444	-10
5448	-10
5452	-10
5456	-10
5460	-10
5464	-10
5468	-10
5472	-10
5476	-10
5480	-10
5484	-10
5488	-10
5492	-10
5496	-10
5500	-10
5504	-10
5508	-10
5512	-10
5516	-10
5520	-10
5524	-10
5528	-10
5532	-10
5536	-10
5540	-10
5544	-10
5548	-10
5552	-10
5556	-10
5560	-10
5564	-10
5568	-10
5572	-10
5576	-10
5580	-10
5584	-10
5588	-10
5592	-10
5596	-10
5600	-10
5604	-10
5608	-10
5612	-10
5616	-10
5620	-10
5624	-10
5628	-10
5632	-10
5636	-10
5640	-10
5644	-10
5648	-10
5652	-10
5656	-10
5660	-10
5664	-10
5668	-10
5672	-10
5676	-10
5680	-10
5684	-10
5688	-10
5692	-10
5696	-10
5700	-10
5704	-10
5708	-10
5712	-10
5716	-10
5720	-10
5724	-10
5728	-10
5732	-10
5736	-10
5740	-10
5744	-10
5748	-10
5752	-10
5756	-10
5760	-10
5764	-10
5768	-10
5772	-10
5776	-10
5780	-10
5784	-10
5788	-10
5792	-10
5796	-10
5800	-10
5804	-10
5808	-10
5812	-10
5816	-10
5820	-10
5824	-10
5828	-10
5832	-10
5836	-10
5840	-10
5844	-10
5848	-10
5852	-10
5856	-10
5860	-10
5864	-10
5868	-10
5872	-10
5876	-10
5880	-10
5884	-10
5888	-10
5892	-10
5896	-10
5900	-10
5904	-10
5908	-10
5912	-10
5916	-10
5920	-10
5924	-10
5928	-10
5932	-10
5936	-10
5940	-10
5944	-10
5948	-10
5952	-10
5956	-10
5960	-10
5964	-10
5968	-10
5972	-10
5976	-10
5980	-10
5984	-10
5988	-10
5992	-10
5996	-10
6000	-10
6004	-10
6008	-10
6012	-10
6016	-10
6020	-10
6024	-10
6028	-10
6032	-10
6036	-10
6040	-10
6044	-10
6048	-10
6052	-10
6056	-10
6060	-10
6064	-10
6068	-10
6072	-10
6076	-10
6080	-10
6084	-10
6088	-10
6092	-10
6096	-10
6100	-10
6104	-10
6108	-10
6112	-10
6116	-10
6120	-10
6124	-10
6128	-10
6132	-10
6136	-10
6140	-10
6144	-10
6148	-10
6152	-10
6156	-10
6160	-10
6164	-10
6168	-10
6172	-10
6176	-10
6180	-10
6184	-10
6188	-10
6192	-10
6196	-10
6200	-10
6204	-10
6208	-10
6212	-10
6216	-10
6220	-10
6224	-10
6228	-10
6232	-10
6236	-10
6240	-10
6244	-10
6248	-10
6252	-10
6256	-10
6260	-10
6264	-10
6268	-10
6272	-10
6276	-10
6280	-10
6284	-10
6288	-10
6292	-10
6296	-10
6300	-10
6304	-10
6308	-10
6312	-10
6316	-10
6320	-10
6324	-10
6328	-10
6332	-10
6336	-10
6340	-10
6344	-10
6348	-10
6352	-10
6356	-10
6360	-10
6364	-10
6368	-10
6372	-10
6376	-10
6380	-10
6384	-10
6388	-10
6392	-10
6396	-10
6400	-10
6404	-10
6408	-10
6412	-10
6416	-10
6420	-10
6424	-10
6428	-10
6432	-10
6436	-10
6440	-10
6444	-10
6448	-10
6452	-10
6456	-10
6460	-10
6464	-10
6468	-10
6472	-10
6476	-10
6480	-10
6484	-10
6488	-10
6492	-10
6496	-10
6500	-10
6504	-10
6508	-10
6512	-10
6516	-10
6520	-10
6524	-10
6528	-10
6532	-10
6536	-10
6540	-10
6544	-10
6548	-10
6552	-10
6556	-10
6560	-10
6564	-10
6568	-10
6572	-10
6576	-10
6580	-10
6584	-10
6588	-10
6592	-10
6596	-10
6600	-10
6604	-10
6608	-10
6612	-10
6616	-10
6620	-10
6624	-10
6628	-10
6632	-10
6636	-10
6640	-10
6644	-10
6648	-10
6652	-10
6656	-10
6660	-10
6664	-10
6668	-10
6672	-10
6676	-10
6680	-10
6684	-10
6688	-10
6692	-10
6696	-10
6700	-10
6704	-10
6708	-10
6712	-10
6716	-10
6720	-10
6724	-10
6728	-10
6732	-10
6736	-10
6740	-10
6744	-10
6748	-10
6752	-10
6756	-10
6760	-10
6764	-10
6768	-10
6772	-10
6776	-10
6780	-10
6784	-10
6788	-10
6792	-10
6796	-10
6800	-10
6804	-10
6808	-10
6812	-10
6816	-10
6820	-10
6824	-10
6828	-10
6832	-10
6836	-10
6840	-10
6844	-10
6848	-10
6852	-10
6856	-10
6860	-10
6864	-10
6868	-10
6872	-10
6876	-10
6880	-10
6884	-10
6888	-10
6892	-10
6896	-10
6900	-10
6904	-10
6908	-10
6912	-10
6916	-10
6920	-10
6924	-10
6928	-10
6932	-10
6936	-10
6940	-10
6944	-10
6948	-10
6952	-10
6956	-10
6960	-10
6964	-10
6968	-10
6972	-10
6976	-10
6980	-10
6984	-10
6988	-10
6992	-10
6996	-10
7000	-10
7004	-10
7008	-10
7012	-10
7016	-10
7020	-10
7024	-10
7028	-10
7032	-10
7036	-10
7040	-10
7044	-10
7048	-10
7052	-10
7056	-10
7060	-10
7064	-10
7068	-10
7072	-10
7076	-10
7080	-10
7084	-10
7088	-10
7092	-10
7096	-10
7100	-10
7104	-10
7108	-10
7112	-10
7116	-10
7120	-10
7124	-10
7128	-10
7132	-10
7136	-10
7140	-10
7144	-10
7148	-10
7152	-10
7156	-10
7160	-10
7164	-10
7168	-10
7172	-10
7176	-10
7180	-10
7184	-10
7188	-10
7192	-10
7196	-10
7200	-10
7204	-10
7208	-10
7212	-10
7216	-10
7220	-10
7224	-10
7228	-10
7232	-10
7236	-10
7240	-10
7244	-10
7248	-10
7252	-10
7256	-10
7260	-10
7264	-10
7268	-10
7272	-10
7276	-10
7280	-10
7284	-10
7288	-10
7292	-10
7296	-10
7300	-10
7304	-10
7308	-10
7312	-10
7316	-10
7320	-10
7324	-10
7328	-10
7332	-10
7336	-10
7340	-10
7344	-10
7348	-10
7352	-10
7356	-10
7360	-10
7364	-10
7368	-10
7372	-10
7376	-10
7380	-10
7384	-10
7388	-10
7392	-10
7396	-10
7400	-10
7404	-10
7408	-10
7412	-10
7416	-10
7420	-10
7424	-10
7428	-10
7432	-10
7436	-10
7440	-10
7444	-10
7448	-10
7452	-10
7456	-10
7460	-10
7464	-10
7468	-10
7472	-10
7476	-10
7480	-10
7484	-10
7488	-10
7492	-10
7496	-10
