0	0
4	0
8	0
12	0
16	0
20	0
24	0
28	0
32	0
36	0
40	0
44	0
48	0
52	0
56	0
60	0
64	0
68	0
72	0
76	0
80	0
84	0
88	0
92	0
96	0
100	0
104	0
108	1.34242
112	1.97313
116	2.24551
120	2.19312
124	2.33041
128	2.20412
132	2.24551
136	2.14613
140	2.15836
144	2.07188
148	2.03342
152	2.10037
156	2.0086
160	2.37291
164	3.05385
168	3.45788
172	3.5266
176	3.54704
180	3.50866
184	3.48029
188	3.4618
192	3.45818
196	3.42553
200	3.37401
204	3.35526
208	3.36021
212	3.29885
216	3.31302
220	3.276
224	3.2737
228	3.24797
232	3.21219
236	3.24944
240	3.22376
244	3.21643
248	3.233
252	3.21958
256	3.21696
260	3.15897
264	3.16316
268	3.14983
272	3.04218
276	3.04297
280	3.08207
284	3.04454
288	3.01953
292	3.03902
296	2.99651
300	2.9619
304	2.91381
308	2.93852
312	2.89763
316	2.89321
320	2.84634
324	2.85003
328	2.81023
332	2.81558
336	2.83123
340	2.73719
344	2.76042
348	2.76343
352	2.80618
356	2.6902
360	2.66839
364	2.62737
368	2.64345
372	2.57054
376	2.55145
380	2.5955
384	2.58659
388	2.49969
392	2.53656
396	2.50243
400	2.55871
404	2.38382
408	2.43136
412	2.41162
416	2.40483
420	2.40824
424	2.37291
428	2.34635
432	2.33445
436	2.33445
440	2.24055
444	2.21484
448	2.20952
452	2.15836
456	2.07918
460	2.26482
464	2.12057
468	2.07188
472	2.1271
476	2.15229
480	2.02531
484	2
488	2.03342
492	2.03342
496	2.03342
500	1.85733
504	2.06446
508	2.15229
512	2.14613
516	1.91381
520	1.94448
524	1.91381
528	1.91381
532	1.8451
536	1.79239
540	1.83251
544	1.74819
548	1.69897
552	1.716
556	1.80618
560	1.79239
564	1.66276
568	1.86923
572	1.90309
576	1.62325
580	1.88081
584	1.83251
588	1.77815
592	1.77815
596	1.76343
600	1.73239
604	1.76343
608	2.09342
612	1.74819
616	1.74819
620	1.76343
624	1.64345
628	1.85733
632	1.73239
636	1.76343
640	1.62325
644	1.66276
648	1.80618
652	1.62325
656	1.5563
660	1.79239
664	1.716
668	1.77815
672	1.60206
676	1.76343
680	1.77815
684	1.716
688	1.57978
692	1.64345
696	1.66276
700	1.64345
704	1.83251
708	1.66276
712	1.85733
716	1.68124
720	1.5563
724	1.83251
728	1.53148
732	1.74819
736	1.73239
740	1.64345
744	1.79239
748	1.57978
752	1.76343
756	1.66276
760	1.74819
764	1.69897
768	1.69897
772	1.79239
776	1.77815
780	1.60206
784	1.62325
788	1.77815
792	1.64345
796	1.64345
800	1.716
804	1.60206
808	1.64345
812	1.62325
816	1.83251
820	1.68124
824	1.76343
828	1.5563
832	1.64345
836	1.64345
840	1.8451
844	1.69897
848	1.716
852	1.64345
856	1.5563
860	1.64345
864	1.50515
868	1.64345
872	1.50515
876	1.57978
880	1.38021
884	1.64345
888	1.60206
892	1.62325
896	1.73239
900	1.53148
904	1.62325
908	1.74819
912	1.81954
916	1.38021
920	1.74819
924	1.68124
928	1.716
932	1.62325
936	1.69897
940	1.60206
944	1.50515
948	1.62325
952	1.79239
956	1.53148
960	1.5563
964	1.68124
968	1.60206
972	1.41497
976	1.62325
980	1.34242
984	1.60206
988	1.62325
992	1.62325
996	1.62325
1000	1.66276
1004	1.62325
1008	1.60206
1012	1.57978
1016	1.53148
1020	1.64345
1024	1.66276
1028	1.41497
1032	1.62325
1036	1.64345
1040	1.64345
1044	1.53148
1048	1.62325
1052	1.60206
1056	1.50515
1060	1.77815
1064	1.53148
1068	1.30103
1072	1.60206
1076	1.64345
1080	1.50515
1084	1.57978
1088	1.53148
1092	1.68124
1096	1.60206
1100	1.34242
1104	1.64345
1108	1.80618
1112	1.64345
1116	1.8451
1120	1.9345
1124	1.96379
1128	1.68124
1132	1.64345
1136	1.60206
1140	1.41497
1144	1.53148
1148	1.68124
1152	1.60206
1156	1.66276
1160	1.62325
1164	1.68124
1168	1.47712
1172	1.64345
1176	1.62325
1180	1.76343
1184	1.34242
1188	1.716
1192	1.57978
1196	1.74819
1200	1.66276
1204	1.50515
1208	1.69897
1212	1.73239
1216	1.68124
1220	1.57978
1224	1.66276
1228	1.64345
1232	1.76343
1236	1.73239
1240	1.74819
1244	1.69897
1248	1.60206
1252	1.50515
1256	1.66276
1260	1.53148
1264	1.66276
1268	1.73239
1272	1.66276
1276	1.64345
1280	1.66276
1284	1.69897
1288	1.69897
1292	1.62325
1296	1.62325
1300	1.66276
1304	1.716
1308	1.53148
1312	1.47712
1316	1.57978
1320	1.50515
1324	1.44716
1328	1.716
1332	1.716
1336	1.50515
1340	1.64345
1344	1.07918
1348	1.38021
1352	1.38021
1356	1.34242
1360	1.38021
1364	1.5563
1368	1.41497
1372	1.57978
1376	1.30103
1380	1.44716
1384	1.44716
1388	1.57978
1392	0.90309
1396	1.38021
1400	1.25527
1404	1.20412
1408	1.30103
1412	1.34242
1416	0.778151
1420	1.44716
1424	1.07918
1428	1.14613
1432	1.34242
1436	1.20412
1440	1.25527
1444	1
1448	1.20412
1452	1.30103
1456	2.58206
1460	2.97772
1464	1.68124
1468	1.25527
1472	1
1476	1.07918
1480	0.778151
1484	0.778151
1488	0.90309
1492	0.778151
1496	1.25527
1500	1.34242
1504	1
1508	0.778151
1512	1.30103
1516	1.20412
1520	2.60638
1524	3.02202
1528	1.716
1532	0.60206
1536	0.60206
1540	0.30103
1544	0.60206
1548	0.30103
1552	0.30103
1556	0.60206
1560	0.30103
1564	0
1568	0
1572	0.60206
1576	0
1580	0.60206
1584	0.90309
1588	0.778151
1592	0.30103
1596	0.60206
1600	0.30103
1604	0.30103
1608	0
1612	0.30103
1616	0.30103
1620	0.30103
1624	0.60206
1628	0.30103
1632	0.60206
1636	0
1640	0.60206
1644	0.30103
1648	0
1652	0.60206
1656	0.778151
1660	0.90309
1664	0.60206
1668	0
1672	0.90309
1676	0.778151
1680	0.30103
1684	0.30103
1688	0.60206
1692	0.60206
1696	0.778151
1700	0
1704	0
1708	0
1712	0.60206
1716	0.60206
1720	1
1724	0.778151
1728	1
1732	0.30103
1736	0.60206
1740	0.30103
1744	0
1748	0.30103
1752	0
1756	0
1760	0.90309
1764	1.44716
1768	0.90309
1772	0
1776	0
1780	0.30103
1784	0.60206
1788	0
1792	0
1796	0.60206
1800	0
1804	0
1808	0
1812	0.30103
1816	0.778151
1820	0.60206
1824	0.30103
1828	0
1832	0.778151
1836	0.778151
1840	0.30103
1844	0.778151
1848	0.60206
1852	0
1856	0.30103
1860	0.60206
1864	0.30103
1868	0.30103
1872	0.60206
1876	0.30103
1880	0.30103
1884	0
1888	0.30103
1892	0
1896	0.30103
1900	0.60206
1904	0.30103
1908	0.60206
1912	0
1916	0.778151
1920	0.30103
1924	0.778151
1928	0.60206
1932	0
1936	0
1940	0.30103
1944	0.30103
1948	0
1952	0.60206
1956	0.30103
1960	0.30103
1964	0.30103
1968	0
1972	0
1976	0.778151
1980	0.30103
1984	0.30103
1988	0.30103
1992	0.30103
1996	0.30103
2000	0
2004	0.60206
2008	0.778151
2012	0
2016	0
2020	0
2024	0
2028	0
2032	0
2036	0
2040	0
2044	0
2048	0
2052	0
2056	0
2060	0
2064	0
2068	0.30103
2072	0
2076	0.30103
2080	0.30103
2084	0
2088	0
2092	0.30103
2096	0
2100	0.30103
2104	0
2108	0.30103
2112	0.30103
2116	0
2120	0
2124	0.30103
2128	0
2132	0
2136	0.30103
2140	0.30103
2144	0
2148	0.30103
2152	0
2156	0.30103
2160	0
2164	0
2168	0
2172	0
2176	0.30103
2180	0
2184	0.30103
2188	0.30103
2192	0
2196	0.60206
2200	1
2204	0.778151
2208	0
2212	0
2216	0.30103
2220	0.30103
2224	0.30103
2228	0
2232	0.60206
2236	0.30103
2240	0
2244	0.60206
2248	0.30103
2252	0
2256	0
2260	0.30103
2264	0
2268	0
2272	0
2276	0
2280	0.30103
2284	0
2288	0.30103
2292	0.778151
2296	0
2300	0.30103
2304	0
2308	0
2312	0.30103
2316	0.30103
2320	0.30103
2324	0
2328	0
2332	0.60206
2336	0
2340	0.30103
2344	0
2348	0
2352	0.30103
2356	0.60206
2360	0.30103
2364	0.30103
2368	0
2372	0
2376	0
2380	0.30103
2384	0
2388	0.30103
2392	0
2396	0.60206
2400	0
2404	0.30103
2408	0.30103
2412	0.778151
2416	0
2420	0.30103
2424	0.60206
2428	0
2432	0
2436	0.30103
2440	0.30103
2444	0.30103
2448	0
2452	0
2456	0
2460	0
2464	0.30103
2468	0
2472	0
2476	0
2480	0.30103
2484	0.60206
2488	0
2492	0.30103
2496	0.30103
2500	0.60206
2504	0.60206
2508	0.60206
2512	0.30103
2516	0.30103
2520	0
2524	0
2528	0.30103
2532	0
2536	0
2540	0.30103
2544	0
2548	0
2552	0.30103
2556	0
2560	0.30103
2564	0.30103
2568	0
2572	0
2576	0
2580	0
2584	0.30103
2588	0
2592	0
2596	0.30103
2600	0.30103
2604	0
2608	0.30103
2612	0.90309
2616	0.30103
2620	0
2624	0.30103
2628	0
2632	0
2636	0.30103
2640	0
2644	0
2648	0
2652	0.30103
2656	0.30103
2660	0
2664	0.30103
2668	0.30103
2672	0.30103
2676	0.30103
2680	0.30103
2684	0.778151
2688	0
2692	0.60206
2696	0.30103
2700	0
2704	0.30103
2708	0.30103
2712	0
2716	0
2720	0
2724	0
2728	0
2732	0
2736	0
2740	0
2744	0
2748	0
2752	0
2756	0
2760	0
2764	0
2768	0
2772	0
2776	0
2780	0
2784	0.30103
2788	0
2792	0.30103
2796	0
2800	0
2804	0
2808	0
2812	0
2816	0
2820	0
2824	0.30103
2828	0
2832	0
2836	0
2840	0
2844	0
2848	0.30103
2852	0.30103
2856	0.60206
2860	0
2864	0
2868	0
2872	0
2876	0
2880	0
2884	0
2888	0
2892	0.60206
2896	0
2900	0
2904	0.30103
2908	0
2912	0
2916	0
2920	0
2924	0.30103
2928	0.30103
2932	0
2936	0.778151
2940	0
2944	0
2948	0
2952	0
2956	0
2960	0
2964	0.30103
2968	0
2972	0
2976	0
2980	0
2984	0
2988	0
2992	0.60206
2996	0
3000	0
3004	0
3008	0.30103
3012	0
3016	0
3020	0
3024	0
3028	0
3032	0.30103
3036	0
3040	0
3044	0
3048	0.30103
3052	0
3056	0
3060	0
3064	0.30103
3068	0
3072	0
3076	0
3080	0.30103
3084	0
3088	0
3092	0
3096	0
3100	0
3104	0
3108	0
3112	0
3116	0
3120	0
3124	0
3128	0
3132	0
3136	0
3140	0
3144	0
3148	0
3152	0
3156	0
3160	0
3164	0
3168	0
3172	0.30103
3176	0
3180	0
3184	0
3188	0
3192	0
3196	0.30103
3200	0
3204	0.30103
3208	0
3212	0
3216	0.30103
3220	0
3224	0.30103
3228	0
3232	0.30103
3236	0
3240	0
3244	0
3248	0
3252	0
3256	0.30103
3260	0
3264	0.30103
3268	0.30103
3272	0
3276	0
3280	0
3284	0
3288	0
3292	0.30103
3296	0
3300	0
3304	0
3308	0
3312	0
3316	0
3320	0
3324	0
3328	0
3332	0
3336	0
3340	0
3344	0
3348	0
3352	0.30103
3356	0
3360	0
3364	0
3368	0
3372	0
3376	0
3380	0.30103
3384	0
3388	0.30103
3392	0
3396	0
3400	0.30103
3404	0
3408	0.30103
3412	0
3416	0
3420	0.30103
3424	0
3428	0.30103
3432	0
3436	0
3440	0
3444	0
3448	0.30103
3452	0
3456	0
3460	0
3464	0
3468	0
3472	0
3476	0
3480	0
3484	0
3488	0.30103
3492	0
3496	0
3500	0.30103
3504	0
3508	0.30103
3512	0
3516	0
3520	0
3524	0
3528	0.30103
3532	0
3536	0
3540	0
3544	0
3548	0
3552	0.60206
3556	0
3560	0
3564	0
3568	0.30103
3572	0
3576	0
3580	0
3584	0
3588	0
3592	0.30103
3596	0
3600	0
3604	0
3608	0
3612	0
3616	0
3620	0.30103
3624	0
3628	0
3632	0
3636	0
3640	0.30103
3644	0
3648	0
3652	0
3656	0.30103
3660	0.30103
3664	0
3668	0
3672	0
3676	0.778151
3680	0.30103
3684	0.30103
3688	0.30103
3692	0
3696	0
3700	0
3704	0.30103
3708	0.30103
3712	0
3716	0
3720	0
3724	0
3728	0.30103
3732	0.30103
3736	0.30103
3740	0.30103
3744	0
3748	0.30103
3752	0.30103
3756	0
3760	0
3764	0.30103
3768	0
3772	0
3776	0
3780	0.30103
3784	0
3788	0
3792	0
3796	0.30103
3800	0.30103
3804	0
3808	0
3812	0
3816	0
3820	0
3824	0
3828	0
3832	0
3836	0
3840	0
3844	0
3848	0
3852	0
3856	0
3860	0
3864	0
3868	0
3872	0.30103
3876	0
3880	0
3884	0
3888	0
3892	0.30103
3896	0
3900	0.30103
3904	0.30103
3908	0
3912	0
3916	0.30103
3920	0
3924	0
3928	0
3932	0
3936	0.30103
3940	0
3944	0
3948	0
3952	0.30103
3956	0
3960	0
3964	0
3968	0
3972	0.30103
3976	0
3980	0
3984	0.30103
3988	0
3992	0
3996	0.30103
4000	0
4004	0
4008	0
4012	0
4016	0
4020	0.30103
4024	0
4028	0.60206
4032	0.30103
4036	0.778151
4040	0
4044	0
4048	0
4052	0
4056	0
4060	0.30103
4064	0.30103
4068	0
4072	0
4076	0
4080	0
4084	0
4088	0.30103
4092	0
4096	0.30103
4100	0.30103
4104	0
4108	0
4112	0
4116	0.30103
4120	0.30103
4124	0.30103
4128	0.30103
4132	0
4136	0.60206
4140	0
4144	0
4148	0
4152	0
4156	0
4160	0
4164	0
4168	0.30103
4172	0
4176	0
4180	0.60206
4184	0
4188	0
4192	0.60206
4196	0
4200	0
4204	0
4208	0.30103
4212	0
4216	0.60206
4220	0.30103
4224	0
4228	0
4232	0
4236	0
4240	0
4244	0.30103
4248	0
4252	0
4256	0.30103
4260	0
4264	0
4268	0.30103
4272	0
4276	0.60206
4280	0.30103
4284	0.30103
4288	0.30103
4292	0.60206
4296	0.30103
4300	0.30103
4304	0.30103
4308	0
4312	0
4316	0.60206
4320	0
4324	0
4328	0.60206
4332	0.30103
4336	0.60206
4340	0.60206
4344	0.60206
4348	0
4352	0.30103
4356	0.60206
4360	0.60206
4364	0.30103
4368	0.30103
4372	0.30103
4376	0.30103
4380	0.90309
4384	0.60206
4388	0.30103
4392	0
4396	0.778151
4400	0
4404	0
4408	0
4412	0.30103
4416	0.30103
4420	0.30103
4424	0.30103
4428	0
4432	0
4436	0.30103
4440	0.778151
4444	0
4448	0.30103
4452	0
4456	0.60206
4460	0.30103
4464	0
4468	0
4472	0.60206
4476	0.30103
4480	0.30103
4484	0.60206
4488	0.60206
4492	0.60206
4496	0.60206
4500	0.30103
4504	0.778151
4508	0
4512	0.778151
4516	0.30103
4520	0.60206
4524	0
4528	0.30103
4532	0.60206
4536	0.30103
4540	0.60206
4544	0.30103
4548	0
4552	0.30103
4556	0.30103
4560	0
4564	0
4568	0
4572	0.30103
4576	0
4580	0.30103
4584	0.778151
4588	0
4592	0
4596	0
4600	0.60206
4604	0.60206
4608	0.60206
4612	0.30103
4616	0.30103
4620	0.60206
4624	0.60206
4628	0.30103
4632	0.30103
4636	0.60206
4640	0.30103
4644	0.90309
4648	0
4652	0.90309
4656	0.778151
4660	0
4664	0.30103
4668	0.778151
4672	0.60206
4676	0.60206
4680	0.778151
4684	0.778151
4688	0.30103
4692	0.90309
4696	1.07918
4700	0.60206
4704	0.30103
4708	0.778151
4712	0.60206
4716	0.90309
4720	0
4724	1
4728	1
4732	0.30103
4736	0.90309
4740	0.60206
4744	0.60206
4748	0.30103
4752	0
4756	0.60206
4760	0
4764	0.30103
4768	0.30103
4772	0.30103
4776	0.30103
4780	0.60206
4784	0.778151
4788	0
4792	0.60206
4796	0.30103
4800	0.30103
4804	0.778151
4808	0.778151
4812	1
4816	0.60206
4820	0.60206
4824	0.30103
4828	0.60206
4832	0.60206
4836	0.30103
4840	0
4844	0.30103
4848	0.30103
4852	0.30103
4856	0.778151
4860	0.30103
4864	0
4868	0.60206
4872	0.30103
4876	0.60206
4880	0.30103
4884	0.60206
4888	0.778151
4892	0.90309
4896	0.778151
4900	0.30103
4904	1.20412
4908	0.778151
4912	0.30103
4916	1
4920	1.14613
4924	1
4928	0
4932	0.30103
4936	1
4940	0.778151
4944	0.30103
4948	0.778151
4952	0.30103
4956	0.30103
4960	0.30103
4964	0.90309
4968	1
4972	0.90309
4976	0.90309
4980	0.30103
4984	0.90309
4988	0.60206
4992	0.90309
4996	1
5000	0.60206
5004	0.60206
5008	0.778151
5012	0.30103
5016	0.30103
5020	1.14613
5024	1.07918
5028	1.07918
5032	0.60206
5036	1
5040	1.25527
5044	0.778151
5048	1.14613
5052	0.90309
5056	1.25527
5060	1.07918
5064	1.07918
5068	0.90309
5072	1
5076	1.14613
5080	1.07918
5084	1.25527
5088	1.34242
5092	0.778151
5096	1
5100	1
5104	1.20412
5108	1.14613
5112	1.20412
5116	1
5120	1
5124	1.34242
5128	1.20412
5132	1.25527
5136	1.20412
5140	1.34242
5144	1.25527
5148	1.34242
5152	1.50515
5156	0.778151
5160	0.778151
5164	1.44716
5168	1.14613
5172	1.38021
5176	1.41497
5180	1.38021
5184	1.41497
5188	1.716
5192	1.50515
5196	1.38021
5200	1.41497
5204	1.47712
5208	1.50515
5212	1.38021
5216	1.41497
5220	1.47712
5224	1.41497
5228	1.30103
5232	1.47712
5236	1.25527
5240	0.90309
5244	0.90309
5248	1.20412
5252	0.778151
5256	0.90309
5260	0.90309
5264	0.778151
5268	0.30103
5272	0.30103
5276	0
5280	0
5284	0
5288	0.30103
5292	0
5296	0
5300	0.30103
5304	0.30103
5308	0.30103
5312	0
5316	0
5320	0
5324	0
5328	0
5332	0.60206
5336	0
5340	0
5344	0.30103
5348	0
5352	0.30103
5356	0.60206
5360	0
5364	0
5368	0.30103
5372	0
5376	0.30103
5380	0.30103
5384	0
5388	0
5392	0.30103
5396	0.30103
5400	0
5404	0.30103
5408	0
5412	0
5416	0
5420	0
5424	0
5428	0
5432	0
5436	0
5440	0.30103
5444	0
5448	0.30103
5452	0
5456	0
5460	0
5464	0
5468	0
5472	0
5476	0
5480	0
5484	0
5488	0
5492	0.30103
5496	0
5500	0.30103
5504	0.30103
5508	0
5512	0
5516	0
5520	0
5524	0
5528	0
5532	0
5536	0.30103
5540	0
5544	0
5548	0
5552	0
5556	0
5560	0
5564	0
5568	0
5572	0
5576	0
5580	0
5584	0
5588	0
5592	0
5596	0.30103
5600	0
5604	0
5608	0
5612	0
5616	0
5620	0
5624	0
5628	0
5632	0
5636	0
5640	0
5644	0
5648	0
5652	0.30103
5656	0
5660	0
5664	0
5668	0
5672	0
5676	0
5680	0
5684	0
5688	0
5692	0
5696	0
5700	0
5704	0
5708	0
5712	0
5716	0
5720	0
5724	0
5728	0
5732	0.30103
5736	0
5740	0
5744	0
5748	0
5752	0
5756	0
5760	0.30103
5764	0
5768	0
5772	0
5776	0
5780	0
5784	0.30103
5788	0
5792	0
5796	0
5800	0
5804	0
5808	0
5812	0
5816	0.30103
5820	0
5824	0
5828	0
5832	0
5836	0
5840	0.30103
5844	0
5848	0
5852	0
5856	0
5860	0
5864	0.30103
5868	0
5872	0
5876	0
5880	0.30103
5884	0.30103
5888	0
5892	0
5896	0
5900	0
5904	0.30103
5908	0
5912	0
5916	0.30103
5920	0
5924	0
5928	0.30103
5932	0.60206
5936	0
5940	0
5944	0
5948	0
5952	0
5956	0
5960	0
5964	0
5968	0
5972	0
5976	0
5980	0
5984	0
5988	0
5992	0
5996	0
6000	0
6004	0
6008	0
6012	0
6016	0
6020	0
6024	0
6028	0
6032	0
6036	0
6040	0
6044	0
6048	0
6052	0
6056	0
6060	0
6064	0
6068	0
6072	0
6076	0
6080	0
6084	0
6088	0
6092	0
6096	0
6100	0
6104	0
6108	0
6112	0
6116	0
6120	0
6124	0
6128	0
6132	0
6136	0
6140	0
6144	0
6148	0
6152	0
6156	0
6160	0
6164	0
6168	0
6172	0
6176	0
6180	0
6184	0
6188	0
6192	0
6196	0
6200	0
6204	0
6208	0
6212	0.30103
6216	0
6220	0
6224	0
6228	0
6232	0
6236	0
6240	0.30103
6244	0
6248	0
6252	0
6256	0
6260	0
6264	0
6268	0
6272	0
6276	0
6280	0
6284	0
6288	0
6292	0
6296	0
6300	0
6304	0
6308	0
6312	0
6316	0
6320	0
6324	0
6328	0
6332	0
6336	0
6340	0
6344	0
6348	0
6352	0
6356	0
6360	0
6364	0
6368	0
6372	0.30103
6376	0
6380	0
6384	0
6388	0
6392	0
6396	0
6400	0
6404	0
6408	0
6412	0
6416	0
6420	0
6424	0
6428	0
6432	0
6436	0
6440	0
6444	0
6448	0
6452	0
6456	0
6460	0
6464	0.30103
6468	0
6472	0
6476	0
6480	0
6484	0
6488	0
6492	0
6496	0
6500	0
6504	0
6508	0
6512	0
6516	0
6520	0
6524	0
6528	0
6532	0
6536	0
6540	0
6544	0
6548	0
6552	0
6556	0
6560	0
6564	0
6568	0
657